0 402 546 763 680 261 796 64 719 6 672
1 821 309 192 321 512 991 432 914 27 789
2 140 793 791 202 498 576 487 840 718 728
3 965 461 996 668 906 19 360 876 745 482
4 38 629 416 579 790 898 474 386 172 706
5 252 589 574 710 806 574 445 71 527 11
6 67 727 465 460 872 48 626 601 316 455
7 699 103 987 14 955 832 751 178 332 10
8 429 854 61 225 710 695 516 662 743 51
9 373 757 130 350 580 536 849 753 62 261
10 965 799 599 666 865 437 786 963 147 262
11 559 18 220 990 314 583 153 224 258 225
12 261 329 288 653 507 804 303 464 783 891
13 623 954 769 267 850 504 179 598 305 254
14 828 403 960 219 159 146 581 728 584 747
15 691 97 207 706 804 746 310 860 324 528
16 247 402 440 927 277 138 329 907 181 144
17 972 615 455 891 966 848 268 678 728 200
18 354 638 653 21 504 946 873 934 318 859
19 457 422 478 97 71 155 852 679 363 94
20 371 762 575 80 783 187 191 595 43 427
21 746 577 329 385 274 737 414 3 250 574
22 392 975 309 397 563 950 454 20 638 464
23 974 412 246 543 748 550 190 303 218 873
24 770 134 822 278 985 43 333 322 420 501
25 140 357 125 721 206 664 875 636 114 240
26 778 950 355 811 302 576 739 785 462 441
27 657 350 83 107 680 618 752 927 874 771
28 346 459 87 423 753 708 364 39 763 324
29 615 55 888 295 610 544 286 804 423 647
30 825 873 438 717 780 133 150 115 609 555
31 59 839 734 270 116 730 312 652 314 845
32 491 712 261 651 771 430 741 139 694 126
33 573 594 225 77 359 716 890 645 2 46
34 928 852 286 126 474 927 125 673 44 639
35 571 62 426 321 58 843 392 383 878 603
36 525 750 375 423 863 121 884 414 978 139
37 26 249 571 589 541 416 674 503 528 949
38 54 626 562 723 479 36 912 11 96 844
39 771 889 280 795 191 264 977 293 195 726
40 718 834 357 184 232 84 18 257 791 877
41 144 679 219 205 793 569 787 892 82 270
42 75 994 519 605 215 144 583 821 871 990
43 480 189 699 591 58 236 33 146 971 808
44 4 711 339 776 343 611 278 943 658 117
45 891 911 92 569 559 980 841 546 571 867
46 203 849 493 991 494 77 946 269 370 271
47 828 919 842 678 421 558 566 978 206 942
48 757 420 673 77 450 188 901 68 671 967
49 157 986 509 129 344 239 970 180 674 435
50 5 91 551 468 58 941 276 624 22 850
51 868 815 544 534 981 691 206 919 613 221
52 230 198 87 569 995 351 546 488 852 675
53 59 228 413 67 249 953 756 878 263 965
54 743 943 828 617 963 3 39 642 650 103
55 556 789 297 700 870 51 561 173 320 513
56 537 135 660 789 375 438 30 322 767 62
57 358 337 819 145 349 100 380 225 448 215
58 18 425 369 92 410 713 42 411 88 533
59 135 335 158 103 607 464 824 413 123 66
60 276 487 540 876 804 785 58 872 773 737
61 139 766 463 233 705 625 619 605 688 912
62 967 25 513 494 897 500 682 605 940 625
63 229 552 695 45 435 970 373 134 878 787
64 169 762 577 660 277 114 717 525 481 475
65 201 94 885 537 69 575 548 294 649 632
66 493 819 136 613 792 256 210 372 232 168
67 196 603 332 992 217 447 357 711 793 279
68 318 7 304 16 854 135 816 981 331 415
69 828 334 439 803 577 381 65 243 713 572
70 271 574 286 875 705 636 205 293 930 795
71 541 686 712 571 315 754 494 194 709 958
72 956 919 929 427 765 644 342 378 370 960
73 860 415 972 13 983 109 591 701 334 664
74 517 589 21 75 260 575 665 138 567 786
75 444 870 934 402 130 356 583 112 637 850
76 795 673 286 966 71 624 606 158 602 539
77 247 253 155 336 240 756 574 71 661 750
78 757 307 505 722 144 667 403 358 474 378
79 698 354 787 681 228 633 460 785 130 871
80 338 633 893 162 870 123 875 744 529 603
81 508 164 702 370 463 936 645 640 100 758
82 86 961 645 599 526 298 671 532 344 123
83 608 999 330 640 230 332 391 949 267 711
84 768 313 568 440 279 930 523 373 738 532
85 773 534 973 923 598 527 556 82 739 103
86 654 770 846 335 229 680 178 226 123 49
87 655 204 453 291 886 870 134 673 322 611
88 281 253 261 116 697 315 33 653 655 308
89 335 984 696 874 325 119 242 874 825 757
90 368 465 659 104 261 180 949 966 464 649
91 979 465 252 85 15 444 165 875 398 653
92 964 698 35 125 67 357 374 689 821 136
93 880 470 791 867 14 339 642 26 706 706
94 51 155 387 768 565 586 677 276 231 972
95 967 199 365 399 229 157 805 923 591 374
96 605 215 378 972 143 624 562 847 313 384
97 834 31 542 868 768 386 127 764 913 739
98 535 804 953 45 100 210 509 12 799 320
99 519 651 602 980 632 612 228 124 482 784
100 14 665 254 578 984 230 467 503 160 487
101 486 138 601 845 872 367 657 58 317 786
102 448 845 566 537 634 964 439 415 125 348
103 773 992 508 746 899 684 603 83 999 135
104 757 150 590 11 180 537 146 347 887 730
105 831 863 565 102 181 245 22 154 534 259
106 658 690 998 704 830 815 728 624 839 550
107 350 914 701 590 428 434 847 243 969 13
108 383 843 110 283 537 16 272 79 524 27
109 295 306 111 28 261 512 791 479 997 103
110 627 170 522 105 523 250 39 576 843 438
111 417 323 109 79 483 353 729 88 884 584
112 526 846 693 686 206 45 447 574 724 113
113 772 1 929 282 332 884 821 596 380 509
114 170 155 804 503 273 660 194 525 144 905
115 119 949 477 195 502 423 315 802 705 81
116 491 466 695 368 515 660 460 862 821 780
117 653 256 939 687 298 633 452 74 290 507
118 332 897 310 652 581 773 748 619 934 557
119 184 964 731 510 3 663 0 395 747 861
120 189 554 885 105 961 527 777 487 970 52
121 765 633 540 348 444 361 735 430 416 884
122 400 839 20 858 360 545 795 251 121 28
123 743 932 97 440 757 159 593 567 943 615
124 525 801 950 483 128 653 831 84 715 461
125 403 15 864 765 570 316 324 550 546 143
126 271 936 503 639 536 140 683 142 833 546
127 677 686 60 474 156 749 220 831 33 567
128 615 141 722 930 508 616 895 267 598 788
129 876 993 282 966 637 574 877 204 139 458
130 666 741 657 69 896 904 566 355 613 275
131 34 946 539 523 958 845 17 656 500 729
132 441 653 564 336 458 315 607 141 689 943
133 244 494 655 919 210 672 102 576 373 823
134 936 772 660 644 534 469 968 707 294 204
135 317 775 890 780 817 86 853 669 275 569
136 797 595 585 178 789 532 431 33 125 861
137 176 894 54 753 259 520 784 946 841 873
138 438 953 938 738 518 393 787 276 808 583
139 701 199 602 740 299 780 577 160 534 650
140 662 487 620 393 729 804 615 273 44 565
141 95 42 955 546 107 679 431 908 334 54
142 731 116 190 997 636 967 403 972 393 209
143 471 572 790 269 288 349 523 429 129 84
144 333 368 138 437 233 391 446 96 520 785
145 46 923 131 715 591 336 385 785 369 133
146 68 861 786 235 341 90 839 364 961 52
147 234 522 865 874 967 232 260 740 450 885
148 962 633 506 235 896 350 845 17 345 790
149 960 905 740 265 729 551 525 123 406 227
150 929 281 77 689 247 362 125 234 595 1
151 714 554 971 559 804 937 829 893 780 545
152 340 82 299 994 943 985 615 240 810 312
153 232 788 343 416 433 624 910 416 905 817
154 586 319 425 686 800 776 311 562 432 760
155 164 653 82 926 210 234 956 699 435 421
156 45 97 564 73 46 205 883 947 802 714
157 802 98 840 389 93 645 989 449 687 469
158 931 784 997 75 986 672 788 884 395 139
159 715 450 837 395 797 652 971 855 236 763
160 323 66 218 369 944 534 539 547 870 802
161 155 343 566 361 64 571 237 915 230 190
162 60 295 629 1 179 826 860 258 546 291
163 201 808 516 707 417 780 434 19 128 463
164 312 467 14 932 119 822 729 205 97 913
165 918 188 28 856 356 410 322 188 862 654
166 352 663 310 850 506 835 730 268 14 632
167 256 887 732 93 404 44 696 77 986 864
168 471 253 745 759 998 909 691 256 905 188
169 981 752 31 109 92 340 184 402 6 735
170 27 495 84 444 333 190 328 788 763 492
171 754 35 725 760 692 937 886 882 909 201
172 327 418 609 982 441 757 494 309 152 153
173 318 484 174 142 527 856 618 238 914 69
174 422 24 427 828 743 673 662 462 670 745
175 872 79 376 583 739 909 64 989 556 516
176 905 918 916 895 483 838 484 149 130 37
177 932 330 952 606 670 256 242 47 556 589
178 485 451 388 226 104 980 611 102 665 950
179 332 853 276 149 435 360 531 151 326 120
180 461 309 562 543 580 783 469 750 339 430
181 603 140 966 637 826 74 954 219 601 250
182 198 303 62 989 117 714 344 459 912 773
183 633 44 497 552 412 459 524 591 427 941
184 360 768 939 812 845 567 972 985 133 211
185 362 534 963 241 599 272 245 933 652 394
186 956 590 176 640 924 143 781 92 268 693
187 312 681 907 578 435 730 794 332 143 337
188 242 387 219 242 11 744 78 877 625 871
189 862 668 701 6 155 282 976 688 177 469
190 98 764 858 320 170 359 778 259 522 290
191 542 863 148 178 807 637 808 89 840 208
192 812 876 177 16 110 512 684 457 436 626
193 86 621 882 122 807 226 490 256 799 51
194 114 771 875 236 112 746 964 77 135 609
195 606 544 637 370 951 587 545 508 523 482
196 888 82 984 827 105 616 212 565 172 978
197 52 357 635 13 207 907 167 954 873 385
198 247 699 896 940 145 891 396 374 480 375
199 70 466 217 970 609 104 147 755 983 320
200 550 962 645 581 966 369 73 191 740 603
201 454 460 285 78 709 378 788 379 534 891
202 478 794 589 516 363 342 472 954 820 95
203 683 570 301 788 314 85 903 743 841 607
204 531 901 4 153 926 299 437 163 859 719
205 401 110 406 321 699 205 317 997 629 355
206 146 872 580 9 7 842 759 243 502 297
207 317 461 636 196 89 382 295 501 46 576
208 180 529 503 638 906 205 113 282 374 326
209 692 6 391 884 942 729 967 236 219 752
210 672 385 610 682 926 952 686 499 122 426
211 493 771 45 202 518 149 115 461 614 632
212 638 421 102 817 350 629 584 235 265 966
213 301 182 21 763 242 916 672 974 577 909
214 148 673 401 925 405 196 253 60 636 191
215 300 492 767 423 641 656 874 684 668 724
216 78 336 59 785 949 22 507 856 420 891
217 985 939 780 205 983 638 306 572 844 471
218 753 153 64 908 975 126 197 338 655 342
219 751 611 246 613 327 548 994 293 78 829
220 119 877 471 956 3 116 214 582 581 786
221 213 336 907 588 328 451 289 833 787 874
222 259 495 81 300 77 950 292 503 429 193
223 877 639 493 635 72 735 536 629 253 399
224 785 728 773 900 411 285 36 176 40 451
225 820 957 408 766 146 211 419 548 329 278
226 102 15 174 647 674 619 696 75 234 365
227 115 853 385 12 378 378 424 905 879 836
228 624 852 610 711 508 896 471 51 969 70
229 74 905 534 182 956 114 68 516 760 672
230 752 842 598 228 197 517 531 882 165 554
231 789 344 496 468 150 681 439 376 667 342
232 836 307 760 876 261 936 533 781 492 969
233 83 232 451 243 451 979 77 177 837 609
234 388 601 669 482 423 150 123 77 580 330
235 729 196 356 95 790 446 435 290 398 713
236 541 560 30 842 551 420 800 627 858 19
237 706 264 99 751 382 867 988 266 170 269
238 95 649 583 333 157 477 569 194 659 224
239 340 380 219 32 899 588 543 150 820 914
240 538 456 309 748 526 367 984 159 334 55
241 409 525 465 379 882 365 466 119 584 822
242 90 125 804 0 814 771 566 423 842 650
243 658 199 720 824 779 80 340 39 208 526
244 174 230 198 10 269 347 59 311 683 976
245 731 215 780 492 499 118 23 530 376 284
246 699 333 604 108 300 176 670 588 123 408
247 205 354 34 829 154 28 217 52 619 379
248 185 206 894 747 272 876 260 451 327 410
249 285 461 353 816 517 434 402 316 655 329
250 89 235 523 211 758 322 417 511 431 794
251 692 985 393 336 776 834 444 79 158 971
252 620 84 249 218 445 180 496 286 573 97
253 486 779 54 723 346 56 258 957 171 767
254 980 62 826 30 87 676 979 740 603 599
255 860 240 85 278 869 653 666 477 801 490
256 217 953 195 757 653 92 977 703 517 367
257 406 470 660 162 40 425 966 984 327 635
258 832 327 242 1 315 494 279 828 673 491
259 32 233 284 694 546 610 814 391 578 532
260 836 420 939 905 26 107 116 862 467 383
261 453 900 581 494 246 12 695 994 293 125
262 242 746 545 971 209 547 746 639 474 580
263 149 452 338 326 675 462 676 748 154 845
264 820 522 622 680 518 867 989 136 24 22
265 790 875 676 765 128 570 100 440 390 786
266 550 844 767 111 719 984 129 375 781 156
267 362 956 371 997 814 693 616 193 130 673
268 394 282 360 216 459 578 923 713 178 549
269 674 559 161 167 72 360 245 587 190 720
270 870 260 109 386 138 11 52 283 504 898
271 474 951 311 671 197 221 171 480 601 541
272 463 83 842 215 94 154 0 964 10 475
273 138 654 859 725 222 706 630 289 979 729
274 58 33 835 163 79 247 233 258 638 43
275 783 561 717 327 895 191 525 101 771 565
276 431 237 911 914 335 92 535 892 904 247
277 691 796 246 469 145 451 417 467 539 613
278 341 372 712 789 625 931 541 784 990 315
279 121 889 0 64 620 552 90 158 681 602
280 885 404 811 544 228 344 817 246 341 658
281 961 357 76 615 177 153 240 449 403 83
282 604 689 790 216 289 350 319 936 900 611
283 148 697 928 48 824 386 691 759 353 851
284 289 744 13 463 857 720 687 141 670 132
285 472 147 529 520 256 86 196 547 16 988
286 557 914 571 16 627 151 651 385 452 725
287 204 283 496 229 16 176 78 447 891 701
288 15 963 808 436 697 582 723 262 447 264
289 947 678 156 437 283 402 884 533 483 821
290 300 360 882 355 619 419 496 628 915 625
291 254 388 555 953 498 497 778 445 352 944
292 350 625 85 770 622 842 110 976 219 278
293 854 986 91 331 320 18 614 903 819 712
294 987 658 978 769 193 678 859 885 398 52
295 749 227 793 865 914 813 494 720 423 659
296 337 401 975 248 90 557 482 942 864 278
297 88 194 264 290 173 66 136 67 890 355
298 612 531 701 818 496 189 438 384 958 468
299 431 950 936 759 312 352 571 149 224 359
300 553 128 277 85 218 608 286 60 841 447
301 981 281 623 276 159 993 511 867 454 580
302 130 427 731 949 775 218 414 977 656 610
303 401 144 289 252 634 256 238 304 767 237
304 199 828 861 348 748 262 476 813 976 596
305 65 765 584 269 110 630 988 68 993 540
306 415 281 234 157 987 142 310 310 284 184
307 995 191 974 447 807 472 643 619 890 582
308 112 94 449 560 140 621 583 367 642 690
309 253 256 207 35 913 828 988 707 260 698
310 791 923 453 271 493 555 93 991 771 450
311 261 564 475 956 872 88 891 961 702 710
312 558 467 469 440 276 227 463 991 441 255
313 382 85 832 80 144 480 583 461 702 85
314 117 908 55 939 461 758 958 463 490 741
315 96 403 367 952 815 62 596 885 852 976
316 923 717 905 975 521 349 273 626 761 816
317 272 467 168 513 581 19 50 408 205 541
318 678 777 272 668 829 283 445 556 966 163
319 350 944 320 126 35 570 673 77 162 722
320 670 158 304 306 120 723 474 708 813 747
321 751 904 68 883 662 720 395 846 822 873
322 352 31 142 471 951 347 846 896 708 13
323 427 633 771 701 616 412 360 758 434 216
324 160 404 389 112 179 750 922 547 19 192
325 296 788 487 226 187 388 941 50 420 167
326 812 326 401 976 277 376 47 662 176 670
327 207 19 843 898 837 188 714 85 478 936
328 222 201 931 455 709 444 329 870 854 939
329 239 404 341 855 803 271 347 115 410 689
330 732 664 824 71 703 991 252 368 98 992
331 326 739 407 497 590 213 64 792 656 766
332 563 232 826 304 481 627 666 340 518 400
333 697 803 288 668 84 266 675 287 998 88
334 253 605 77 408 421 115 260 641 641 477
335 112 194 377 387 639 356 152 608 507 954
336 401 48 533 178 667 158 290 151 39 90
337 662 235 637 976 259 762 369 414 630 866
338 175 758 357 370 419 77 212 213 168 715
339 749 737 611 250 882 280 974 226 235 887
340 918 502 321 631 523 203 861 13 678 241
341 923 114 889 142 874 703 251 421 543 306
342 644 76 397 309 962 864 995 551 570 902
343 437 462 30 778 56 782 530 818 131 42
344 409 348 974 521 585 826 337 125 749 462
345 740 714 652 535 957 693 905 953 622 332
346 290 726 624 151 690 929 724 872 410 420
347 629 924 820 58 559 184 995 398 213 681
348 230 891 910 284 127 415 611 958 212 577
349 461 55 909 570 469 228 63 571 969 1
350 74 558 517 700 185 178 975 472 371 781
351 628 367 828 26 304 996 29 526 643 122
352 918 831 863 662 868 707 577 932 658 33
353 493 684 879 866 112 400 848 164 866 575
354 334 428 474 215 120 42 702 582 745 420
355 103 300 511 137 788 294 239 133 719 672
356 87 703 569 588 157 443 684 323 547 536
357 307 316 962 771 772 630 1 445 62 396
358 749 904 740 103 365 781 6 219 946 140
359 318 496 61 637 811 532 1 492 502 558
360 967 547 128 202 142 918 280 977 810 801
361 408 529 508 798 169 291 433 707 554 10
362 235 136 183 797 642 407 187 724 293 202
363 131 756 564 91 499 733 160 594 356 420
364 709 715 969 182 642 942 293 666 186 555
365 438 982 396 716 495 278 747 206 288 258
366 989 880 984 160 619 874 751 954 550 344
367 63 5 305 56 578 278 326 456 980 226
368 797 949 589 865 727 983 44 166 892 199
369 846 856 651 336 113 875 557 826 464 266
370 182 975 539 1 527 436 306 335 953 249
371 983 566 583 41 65 740 759 122 714 668
372 201 126 496 860 228 517 265 394 511 768
373 790 476 614 251 596 485 754 936 358 582
374 36 778 115 522 694 299 508 219 724 217
375 214 688 653 156 797 480 88 392 174 373
376 130 324 34 105 682 846 589 178 189 87
377 211 328 370 55 669 74 48 546 843 872
378 274 325 70 786 580 987 495 278 304 83
379 111 654 650 90 484 946 347 532 522 532
380 485 93 12 579 437 908 92 495 523 253
381 239 914 453 799 855 393 426 201 44 921
382 179 250 680 540 201 46 487 867 789 631
383 409 71 623 314 212 909 61 489 910 750
384 394 75 307 129 912 854 678 269 739 863
385 369 168 38 725 871 320 374 222 784 864
386 750 710 888 971 35 987 464 573 320 32
387 897 145 21 647 557 56 385 393 917 219
388 430 380 882 114 249 398 350 42 33 613
389 81 375 133 526 73 903 981 208 758 882
390 698 863 501 227 788 616 104 416 403 77
391 206 50 267 594 754 688 515 345 13 541
392 379 344 885 825 843 222 675 117 178 160
393 820 814 498 658 516 934 293 939 617 795
394 268 645 667 788 630 145 424 387 402 219
395 783 707 264 87 582 443 881 778 353 779
396 672 587 748 888 493 952 4 994 781 417
397 527 572 270 487 401 138 513 67 371 279
398 120 877 655 16 754 721 761 306 695 699
399 331 559 963 524 907 278 838 897 468 573
400 842 488 479 104 159 465 219 193 772 639
401 130 240 557 269 996 301 943 254 800 655
402 765 970 252 466 388 275 67 185 226 273
403 276 176 340 268 39 153 861 982 627 401
404 625 495 557 447 561 569 93 776 14 980
405 691 444 458 245 297 939 738 639 798 451
406 294 745 334 796 607 838 645 566 452 307
407 66 773 409 970 347 125 473 559 950 313
408 556 903 118 148 115 298 536 177 142 387
409 110 432 281 372 7 313 878 785 812 210
410 377 144 392 347 574 704 797 539 907 265
411 337 964 124 393 792 819 398 720 545 734
412 187 993 346 110 936 365 291 146 984 996
413 588 148 915 452 615 898 938 497 829 233
414 786 838 85 736 58 109 22 391 886 858
415 264 350 296 608 322 468 673 98 242 146
416 287 690 254 74 907 522 881 904 188 409
417 252 531 619 688 638 615 540 157 551 235
418 922 21 106 39 356 288 717 102 982 365
419 640 754 867 717 283 989 717 290 711 752
420 628 112 278 270 37 870 847 844 910 512
421 633 967 699 920 320 428 591 473 720 94
422 81 891 920 394 967 90 540 136 457 914
423 484 204 183 496 293 805 576 717 21 442
424 231 678 358 501 614 366 599 343 690 715
425 918 128 828 85 340 123 673 782 739 177
426 457 596 174 109 651 518 870 240 705 720
427 223 981 100 603 239 355 860 216 943 645
428 181 653 434 855 878 58 403 536 860 761
429 146 627 983 648 333 362 197 306 34 932
430 112 670 818 610 716 848 33 210 266 570
431 767 318 59 241 328 520 84 873 535 906
432 375 283 531 532 204 818 328 118 114 511
433 786 226 235 32 271 333 185 998 826 711
434 400 216 262 804 662 229 230 819 163 58
435 4 594 480 429 377 401 418 860 828 255
436 817 912 860 454 44 588 195 526 94 329
437 359 525 906 329 5 592 793 887 235 28
438 597 366 93 689 535 898 329 386 517 354
439 535 84 93 265 746 172 74 313 650 718
440 315 725 609 648 104 414 821 56 104 982
441 45 361 794 781 524 915 942 48 901 713
442 709 780 172 310 610 406 957 661 706 513
443 687 611 74 837 616 958 831 503 892 537
444 712 9 359 597 491 778 129 773 331 181
445 431 364 485 835 720 247 659 607 539 663
446 699 209 153 360 265 504 564 21 540 603
447 117 687 84 666 517 943 417 830 777 947
448 997 87 280 6 844 11 900 278 160 174
449 848 378 976 770 729 90 9 415 108 149
450 640 393 723 47 156 582 390 151 193 171
451 541 951 593 834 293 170 756 407 909 567
452 912 304 555 706 649 794 238 676 471 26
453 957 702 93 165 126 894 714 294 520 893
454 497 802 127 27 63 806 498 686 887 809
455 409 20 93 182 921 742 310 248 185 766
456 923 723 697 649 261 26 39 319 17 478
457 515 371 464 748 541 296 833 994 62 361
458 565 7 757 501 12 341 312 515 556 845
459 559 54 56 239 878 368 996 343 836 570
460 675 420 688 191 351 570 16 157 251 539
461 495 909 4 367 494 287 111 255 962 986
462 775 684 879 806 546 315 334 704 988 436
463 159 635 773 749 951 479 435 123 183 937
464 274 515 106 133 769 653 79 788 213 202
465 994 288 176 127 495 634 865 622 770 277
466 359 529 780 83 247 414 954 248 178 563
467 495 789 404 977 701 356 500 95 875 500
468 25 358 684 219 75 939 132 520 344 920
469 587 32 507 943 712 145 513 909 477 18
470 630 609 898 843 882 245 545 101 877 717
471 382 227 888 154 978 987 423 670 687 92
472 491 475 963 52 201 543 566 57 340 753
473 75 684 90 49 757 603 121 448 561 20
474 846 900 728 533 781 878 260 205 590 285
475 284 144 550 725 179 606 929 434 166 643
476 975 214 964 634 8 499 24 601 400 310
477 784 79 81 211 397 462 567 526 366 127
478 397 54 563 417 314 192 202 461 486 911
479 405 155 525 292 168 116 146 413 667 290
480 795 196 69 985 711 468 221 493 497 906
481 853 149 398 681 234 618 194 653 512 435
482 823 649 361 357 575 942 907 857 985 343
483 337 201 375 395 42 866 286 67 609 758
484 963 990 516 548 414 691 872 697 526 549
485 181 201 145 153 649 861 68 554 239 933
486 380 444 295 334 637 665 303 206 997 548
487 40 501 492 517 150 476 314 60 966 371
488 138 651 202 346 246 455 41 719 433 678
489 954 882 469 235 582 816 194 23 883 20
490 145 419 789 789 5 845 574 203 44 102
491 216 898 163 978 71 674 116 58 317 256
492 958 4 713 79 832 610 444 792 715 781
493 949 291 864 228 922 476 314 52 890 610
494 916 603 81 101 103 962 612 764 773 135
495 383 158 414 590 442 350 893 90 4 582
496 111 841 752 645 87 883 524 413 872 293
497 5 934 134 202 579 643 141 858 57 773
498 370 970 626 806 938 337 969 838 582 341
499 184 75 978 230 838 284 767 221 188 912
500 777 398 396 759 580 27 331 553 704 415
501 378 495 530 662 530 871 152 717 922 129
502 241 926 881 381 280 896 499 169 348 837
503 750 456 20 727 125 259 845 579 862 998
504 280 786 862 662 946 65 528 139 541 753
505 866 610 780 316 383 731 292 742 477 445
506 483 144 272 662 989 272 108 693 510 864
507 147 307 477 699 944 505 224 987 121 611
508 82 244 697 97 85 147 52 621 787 921
509 917 127 5 706 282 494 216 7 629 148
510 681 777 409 249 341 866 283 555 978 635
511 233 828 115 243 280 695 677 733 237 222
512 471 372 575 29 146 799 254 721 383 498
513 111 529 768 738 170 553 915 651 94 703
514 175 314 823 466 474 785 347 922 614 822
515 454 18 679 612 268 943 5 240 347 633
516 568 744 127 807 520 575 544 686 56 986
517 722 502 730 369 747 169 858 867 631 74
518 655 602 802 712 306 778 580 72 274 455
519 389 1 749 292 672 507 306 656 787 875
520 496 532 479 723 348 386 864 639 463 668
521 265 843 663 967 645 376 999 912 817 709
522 198 799 112 290 556 579 673 458 647 272
523 97 383 157 99 716 164 624 634 400 970
524 850 37 416 189 263 19 525 844 596 506
525 209 168 804 130 640 120 267 543 763 778
526 998 277 657 33 714 309 154 701 383 763
527 559 233 79 212 185 452 748 829 343 369
528 813 291 365 966 365 628 219 977 65 467
529 293 123 782 964 938 980 408 509 466 599
530 276 754 379 321 80 800 741 726 241 448
531 776 519 183 272 976 253 121 870 209 176
532 534 91 601 178 671 203 244 740 112 939
533 104 62 625 107 848 27 281 7 716 474
534 95 163 953 325 244 27 774 489 252 145
535 313 76 415 956 524 401 116 827 510 462
536 640 146 375 43 520 296 258 387 482 113
537 848 396 557 6 378 682 979 239 728 383
538 92 32 68 536 600 12 171 15 135 258
539 349 450 315 648 777 297 159 458 821 262
540 984 201 871 549 671 514 100 1 503 490
541 506 64 603 218 576 629 391 468 937 253
542 338 399 354 943 778 852 572 688 447 346
543 527 180 963 132 654 714 437 739 140 103
544 0 301 172 519 93 567 491 607 995 897
545 766 848 216 764 642 134 56 214 618 746
546 838 520 254 419 96 777 599 15 218 502
547 158 372 917 420 148 271 186 446 256 111
548 277 584 673 779 668 861 650 447 872 660
549 448 468 432 796 129 345 437 488 275 785
550 395 907 385 153 397 364 409 308 43 295
551 584 630 763 134 508 266 786 829 189 63
552 210 245 597 378 317 941 138 2 543 834
553 316 686 279 98 785 404 968 208 947 267
554 829 445 199 217 886 321 974 6 887 318
555 737 689 130 75 184 834 165 619 987 942
556 852 570 559 79 264 266 486 591 485 627
557 465 861 435 194 816 449 493 190 890 674
558 795 626 988 588 828 465 740 576 79 591
559 211 318 305 872 438 636 236 910 449 843
560 314 182 340 563 448 124 381 640 590 414
561 713 662 372 80 653 852 952 357 285 541
562 683 155 536 221 226 807 621 216 229 345
563 393 344 776 863 820 535 368 676 553 300
564 349 890 299 72 302 671 500 925 164 989
565 662 912 473 848 488 261 445 68 909 978
566 335 461 966 990 829 881 484 809 81 969
567 440 853 353 599 924 961 123 941 662 377
568 956 801 111 428 404 389 255 412 676 947
569 370 750 858 731 167 284 11 701 942 718
570 576 870 586 591 103 701 550 834 506 111
571 177 931 708 610 99 934 741 877 794 90
572 142 563 736 647 722 471 24 486 628 342
573 791 575 917 321 203 892 762 894 338 384
574 794 467 788 735 10 18 404 196 152 236
575 196 499 449 340 42 942 131 348 509 15
576 191 907 817 606 461 904 662 680 164 11
577 420 492 778 996 994 889 217 80 437 945
578 51 912 293 211 718 736 518 180 472 140
579 720 93 104 381 453 130 329 664 223 135
580 58 878 910 461 730 269 343 216 268 217
581 825 192 196 819 520 7 955 220 730 550
582 474 741 294 651 606 664 480 987 124 183
583 21 659 612 412 174 517 689 571 983 289
584 746 385 243 781 528 535 23 960 677 495
585 975 500 618 425 89 473 954 869 982 224
586 904 898 306 84 165 976 349 549 991 290
587 459 704 196 486 484 193 273 750 22 777
588 794 983 918 605 790 352 99 599 868 855
589 548 20 396 675 920 136 226 980 102 101
590 49 549 762 607 682 35 799 600 282 960
591 422 382 727 548 485 691 189 327 634 972
592 213 21 731 871 474 627 43 146 726 735
593 654 617 388 86 623 463 606 73 468 179
594 627 414 668 754 792 473 8 194 487 809
595 737 339 943 344 748 18 869 189 168 14
596 518 556 44 934 928 394 66 87 769 337
597 632 656 445 312 864 13 819 690 611 787
598 233 168 860 399 285 670 434 129 148 436
599 344 416 130 111 643 25 513 101 203 914
600 686 668 373 123 35 249 124 761 31 258
601 857 241 514 199 786 204 180 255 450 229
602 927 657 657 273 764 29 927 991 696 605
603 281 525 147 682 43 84 199 912 189 664
604 172 87 634 549 856 875 803 808 973 553
605 733 881 345 174 966 455 547 746 484 306
606 770 957 982 420 33 682 841 767 840 26
607 284 289 880 917 302 288 387 357 123 165
608 346 257 201 616 780 416 891 751 32 615
609 292 308 49 996 970 46 377 825 643 678
610 806 552 232 196 311 547 81 244 245 257
611 562 280 512 590 709 615 821 236 45 75
612 953 252 226 947 405 730 690 67 681 534
613 83 406 983 132 808 269 23 314 696 276
614 228 141 453 609 652 843 251 639 490 487
615 522 928 219 142 829 770 43 974 411 890
616 476 164 879 678 643 784 356 308 92 814
617 263 434 708 291 830 704 601 166 415 209
618 705 841 630 116 170 490 330 171 540 232
619 532 441 137 922 415 666 34 851 647 861
620 496 887 436 329 786 715 841 120 789 610
621 87 37 7 860 877 703 76 326 906 883
622 123 827 123 188 946 25 568 545 229 194
623 985 314 736 840 798 748 699 402 427 557
624 429 413 407 709 525 318 208 232 890 853
625 202 718 203 292 725 414 406 117 788 291
626 220 643 577 228 715 924 498 529 477 833
627 243 265 956 543 967 610 199 772 489 178
628 245 55 98 563 156 998 398 746 805 938
629 429 745 260 688 132 926 861 68 149 670
630 851 741 829 687 714 488 273 111 245 384
631 243 668 709 546 723 624 358 40 21 924
632 29 234 322 915 461 430 731 326 507 847
633 964 705 410 118 36 368 894 295 445 996
634 882 989 633 437 284 673 723 915 462 370
635 835 828 623 924 612 532 638 771 931 34
636 512 717 152 317 8 472 698 93 727 860
637 169 143 293 424 701 43 158 868 779 6
638 937 184 246 754 109 516 832 855 401 870
639 128 677 142 489 556 209 422 342 554 297
640 916 469 907 457 852 89 852 330 705 255
641 372 12 845 549 869 935 547 772 233 727
642 502 830 169 489 192 59 547 221 257 49
643 420 706 328 586 345 46 590 776 586 135
644 737 494 797 841 874 294 827 317 346 620
645 363 882 433 647 208 153 365 383 165 698
646 106 710 613 243 935 896 101 657 916 739
647 490 254 2 893 436 680 623 140 302 585
648 334 323 898 498 262 411 820 883 894 705
649 511 110 956 495 626 173 996 593 678 354
650 587 12 466 653 939 754 269 747 132 84
651 326 434 65 891 720 6 738 746 358 762
652 425 35 387 917 845 139 47 503 502 921
653 667 447 925 982 224 930 679 977 643 276
654 663 33 836 97 386 749 244 144 627 508
655 569 330 133 879 189 691 768 693 733 634
656 860 963 205 677 291 214 10 27 291 915
657 290 765 735 690 966 116 249 649 1 261
658 313 734 448 421 108 211 47 480 839 540
659 236 257 832 682 672 642 802 515 596 191
660 287 474 587 470 406 683 602 370 776 837
661 462 876 638 836 351 248 975 706 222 429
662 692 654 470 506 728 211 653 482 301 262
663 514 187 375 466 84 142 803 954 170 347
664 571 467 124 480 1 47 358 743 770 214
665 738 647 143 102 639 354 837 391 136 805
666 577 970 542 758 454 211 258 28 905 389
667 694 668 283 267 833 596 698 118 878 141
668 70 490 283 328 93 810 408 265 123 565
669 970 872 834 112 438 341 869 392 540 108
670 578 704 86 863 423 452 365 80 523 265
671 514 818 364 169 345 114 691 568 326 90
672 157 614 567 26 414 194 925 23 911 155
673 574 591 852 578 698 396 422 894 256 681
674 606 364 170 378 683 997 606 716 735 289
675 498 223 311 251 857 371 761 75 930 759
676 570 462 740 660 460 36 119 936 949 530
677 881 842 511 397 415 990 474 303 583 784
678 333 520 508 993 191 556 491 705 646 536
679 64 830 531 695 914 460 611 86 223 885
680 474 33 783 761 584 150 89 975 726 734
681 518 21 809 197 593 317 332 772 297 702
682 634 104 363 555 430 507 490 345 34 596
683 467 150 77 724 250 693 539 160 167 643
684 346 225 522 556 862 658 66 598 130 339
685 983 336 804 121 269 257 354 924 646 370
686 249 436 436 171 519 736 146 505 312 906
687 867 379 785 232 966 557 970 899 987 880
688 34 189 90 570 721 69 866 467 589 701
689 855 36 105 857 646 190 548 433 993 486
690 150 262 12 980 917 208 123 103 49 84
691 88 236 985 284 199 280 651 137 368 396
692 623 920 661 280 564 126 587 780 467 73
693 293 398 958 189 640 245 159 328 57 301
694 362 303 944 431 102 404 382 442 35 44
695 852 638 398 845 685 720 728 407 25 616
696 946 721 114 784 893 683 863 806 852 470
697 767 653 672 582 395 809 621 193 908 556
698 208 111 242 136 811 24 903 147 123 901
699 546 504 88 417 914 523 209 970 979 220
700 884 442 580 677 653 139 224 452 87 440
701 195 331 367 583 550 396 461 643 151 272
702 236 224 357 648 737 590 625 636 352 954
703 831 305 569 457 787 772 546 897 75 573
704 788 629 19 614 791 197 355 943 655 126
705 901 713 288 44 332 185 45 723 977 343
706 302 913 418 724 768 864 543 338 65 239
707 625 170 444 722 961 573 314 6 540 39
708 656 990 272 243 277 962 310 948 289 266
709 82 365 174 442 757 826 271 122 999 144
710 557 19 12 922 150 200 118 123 40 450
711 281 640 186 944 299 281 249 649 643 498
712 925 807 257 484 56 656 990 730 420 31
713 702 945 407 821 504 340 557 357 52 611
714 315 676 279 613 175 247 450 636 840 228
715 995 396 912 479 110 345 107 629 747 663
716 983 207 232 351 693 465 421 166 319 837
717 997 746 948 111 244 192 763 306 390 500
718 53 907 389 728 268 632 865 513 902 96
719 755 546 284 811 95 948 101 769 312 22
720 773 421 311 777 678 283 636 696 550 528
721 0 691 292 866 504 879 887 744 942 780
722 25 393 698 834 577 525 863 659 73 557
723 375 312 885 75 182 927 896 891 642 484
724 98 428 642 145 641 387 224 556 601 587
725 786 720 915 662 331 598 669 782 568 369
726 221 915 128 367 432 232 583 71 614 126
727 421 174 684 976 679 663 401 239 434 66
728 494 642 945 493 962 290 834 866 804 240
729 342 791 981 705 338 848 446 338 471 669
730 682 245 580 101 295 202 236 899 871 314
731 73 837 467 766 402 902 848 606 428 207
732 779 514 310 584 519 318 187 395 900 638
733 248 944 265 390 918 30 887 48 221 606
734 377 507 425 193 49 103 151 699 144 833
735 232 571 329 150 731 719 894 688 699 524
736 644 218 458 314 553 660 403 116 876 470
737 590 131 557 855 670 380 460 252 28 140
738 157 278 376 373 746 852 387 101 457 548
739 411 779 598 295 749 76 740 431 415 118
740 901 792 865 154 894 913 683 841 928 684
741 791 792 19 780 359 833 759 964 228 435
742 516 938 298 129 188 755 70 330 236 932
743 226 862 813 309 898 684 496 396 82 735
744 250 400 445 585 38 408 661 559 660 194
745 264 344 238 966 942 622 36 947 128 164
746 142 58 737 949 936 136 890 300 129 57
747 522 720 605 854 825 122 287 406 600 387
748 676 591 704 738 810 815 960 278 895 720
749 94 84 968 450 464 721 562 313 655 647
750 499 825 247 968 621 113 425 234 455 390
751 449 466 600 775 348 433 840 5 673 244
752 841 713 553 695 602 810 774 470 701 159
753 141 178 787 186 885 449 681 273 475 781
754 935 792 790 597 666 413 230 16 24 895
755 29 189 712 896 711 630 531 475 367 902
756 89 871 191 146 426 816 499 446 497 126
757 270 715 174 559 125 818 670 946 508 966
758 44 451 778 957 792 361 849 734 309 240
759 15 846 431 381 565 847 138 468 881 338
760 913 74 751 379 265 100 742 243 352 571
761 610 22 731 246 893 466 755 359 26 489
762 278 425 546 221 908 453 201 116 212 104
763 103 617 977 291 335 68 791 478 819 145
764 21 460 617 800 467 725 244 853 848 594
765 34 701 540 199 79 241 923 40 739 69
766 42 277 315 168 248 142 989 830 925 860
767 786 298 426 245 913 661 850 712 520 880
768 334 760 601 426 170 150 509 884 106 885
769 279 92 903 770 788 790 364 849 566 525
770 766 212 938 560 890 745 73 830 592 167
771 402 579 180 331 846 154 694 110 245 599
772 564 374 404 91 987 475 219 973 853 400
773 377 129 943 247 292 711 679 937 4 766
774 685 196 988 152 990 603 984 237 803 220
775 190 270 379 637 445 981 684 526 273 920
776 197 721 28 291 452 617 700 542 631 193
777 338 776 801 310 462 122 203 984 276 570
778 323 256 984 426 365 902 995 428 115 688
779 384 822 146 86 490 136 756 364 206 189
780 31 749 73 886 954 934 18 730 521 532
781 240 526 438 200 481 707 61 97 680 848
782 912 987 801 384 282 785 437 326 127 614
783 662 719 740 438 465 958 404 167 35 588
784 607 746 97 128 159 58 490 571 990 705
785 172 642 254 594 889 599 829 36 818 358
786 243 524 581 974 565 665 169 60 818 787
787 499 574 17 606 484 489 40 936 761 260
788 154 861 456 697 146 961 672 769 722 155
789 692 127 28 477 254 648 893 636 632 81
790 674 513 675 986 390 866 400 486 151 358
791 214 7 789 710 349 124 953 201 635 785
792 917 965 300 727 754 530 105 631 557 834
793 731 602 917 512 28 937 888 587 413 693
794 299 836 431 505 362 6 265 253 180 725
795 770 646 954 466 403 509 378 108 307 593
796 973 749 670 13 872 161 402 8 884 935
797 118 565 494 697 388 612 827 966 231 876
798 508 126 875 238 771 747 854 384 143 955
799 636 823 506 852 116 882 395 51 435 144
800 899 214 835 861 670 148 442 317 121 375
801 155 740 72 310 100 355 771 154 428 383
802 419 323 588 313 104 826 597 571 285 248
803 239 807 793 163 567 332 657 601 565 950
804 918 932 341 291 997 882 746 976 128 700
805 906 459 798 426 732 96 168 40 136 108
806 937 805 317 374 200 489 201 647 398 244
807 829 646 629 859 257 665 178 779 314 788
808 360 736 399 543 443 131 328 836 681 280
809 149 299 254 515 739 784 219 664 966 577
810 420 859 144 55 654 751 550 935 311 153
811 799 959 133 862 928 852 676 905 182 661
812 584 726 583 105 798 923 566 443 353 958
813 135 423 554 899 240 303 880 677 317 600
814 180 508 243 166 332 94 255 443 826 14
815 756 248 401 176 310 249 203 586 519 367
816 696 735 979 698 902 803 905 207 437 537
817 614 329 183 79 530 866 370 278 960 17
818 326 967 535 169 114 529 765 97 831 578
819 906 584 371 990 970 58 61 574 468 736
820 694 658 230 959 120 471 432 822 753 754
821 774 978 54 213 629 467 293 507 843 764
822 677 253 791 788 220 138 238 481 590 594
823 537 720 512 652 699 729 221 537 912 880
824 893 275 150 738 930 87 637 501 468 637
825 35 490 526 250 419 229 742 59 272 699
826 731 699 982 815 746 519 569 784 430 518
827 668 986 173 167 103 270 759 4 760 27
828 754 477 824 257 365 754 890 871 281 382
829 878 879 378 499 172 716 994 993 916 908
830 938 422 930 469 259 748 280 916 328 913
831 156 541 734 92 323 653 34 5 79 787
832 465 29 378 552 294 950 459 613 600 152
833 115 524 963 659 511 559 661 991 292 442
834 748 983 556 861 575 782 169 994 137 56
835 810 809 895 2 69 797 587 175 915 912
836 904 266 851 935 785 926 103 166 554 440
837 296 345 51 556 118 966 414 65 666 694
838 200 782 281 430 80 427 924 666 425 533
839 316 186 741 900 390 816 25 340 827 900
840 833 374 820 406 33 342 544 81 974 894
841 170 877 74 137 733 948 631 842 546 871
842 8 946 377 398 197 271 95 960 182 823
843 26 350 433 223 846 498 352 866 435 17
844 451 144 741 250 597 666 376 872 696 735
845 374 710 784 464 238 354 604 843 190 268
846 407 732 318 605 886 232 133 641 867 160
847 905 757 629 335 23 221 498 263 559 565
848 649 337 138 250 924 90 201 420 795 186
849 779 993 546 747 892 30 142 379 804 306
850 238 714 438 290 264 611 395 262 555 178
851 197 148 29 660 558 757 38 851 713 483
852 604 75 112 237 414 4 55 289 627 533
853 169 974 769 672 2 702 707 967 358 536
854 4 276 440 650 726 791 304 377 146 118
855 601 161 618 843 102 687 329 476 30 622
856 557 880 806 938 501 275 407 511 778 727
857 178 757 192 548 597 402 426 426 196 65
858 899 177 560 268 173 986 89 614 897 611
859 6 366 505 576 892 362 559 560 916 252
860 895 269 776 313 491 869 309 691 290 663
861 661 769 45 52 886 521 612 11 862 115
862 41 212 433 733 210 673 780 584 747 307
863 105 318 450 7 872 632 447 4 973 659
864 901 45 434 858 152 576 463 510 783 545
865 920 604 285 572 572 832 643 275 826 673
866 391 231 973 44 434 616 374 801 194 871
867 412 451 449 844 515 802 578 712 997 900
868 788 680 991 557 287 859 290 944 321 958
869 473 236 433 433 305 46 312 508 22 432
870 108 47 801 614 166 606 372 106 688 121
871 501 901 986 582 799 504 618 750 112 45
872 868 435 579 470 779 95 278 803 149 564
873 279 786 716 527 839 750 23 940 394 487
874 325 991 33 976 244 338 80 276 797 312
875 516 585 832 470 992 469 890 424 325 503
876 988 107 472 134 849 735 169 410 659 555
877 598 308 532 99 679 804 438 65 850 490
878 573 138 481 506 744 42 383 785 632 852
879 243 120 477 132 181 379 55 779 56 248
880 578 554 580 256 517 141 788 492 203 256
881 918 303 456 730 285 523 436 761 324 224
882 363 478 556 757 739 782 888 925 253 964
883 305 418 579 971 719 274 879 297 459 35
884 935 386 656 394 501 134 556 643 602 534
885 618 909 285 769 123 231 503 78 860 793
886 641 547 437 224 453 565 636 741 70 55
887 277 31 42 766 16 217 337 823 562 941
888 610 480 876 583 34 502 998 911 482 894
889 298 988 851 750 109 21 914 854 890 903
890 121 281 294 641 442 640 792 487 453 829
891 769 587 569 92 348 167 529 964 543 803
892 991 186 721 122 362 13 792 360 794 412
893 941 555 611 542 270 802 320 545 143 926
894 730 130 631 116 642 655 1 560 61 393
895 785 889 831 468 617 278 151 508 686 394
896 475 403 347 967 882 677 155 686 124 906
897 353 258 218 282 641 958 605 913 849 703
898 642 683 31 712 410 543 324 129 602 897
899 901 520 584 374 222 73 515 616 824 417
900 817 894 854 448 175 302 628 206 667 976
901 532 875 602 321 722 216 121 475 181 307
902 665 337 874 285 926 295 938 891 45 453
903 64 29 379 527 488 200 346 805 307 646
904 529 496 143 258 424 588 550 827 970 822
905 914 21 263 743 44 532 676 850 81 215
906 934 769 810 678 557 22 26 694 494 383
907 74 27 698 72 312 736 852 5 813 797
908 447 112 278 924 946 296 778 798 815 972
909 653 535 788 201 628 106 867 396 932 586
910 185 243 55 588 52 922 528 954 223 31
911 28 787 654 566 953 233 804 200 536 968
912 821 641 530 226 828 262 450 352 845 324
913 383 245 820 89 403 834 653 796 724 623
914 71 4 792 704 685 83 679 96 617 691
915 301 170 605 918 159 975 610 415 565 712
916 545 233 533 253 913 256 849 555 810 137
917 106 74 968 341 890 787 246 463 654 210
918 269 299 250 927 702 235 521 459 995 396
919 845 956 295 663 32 140 629 93 496 105
920 392 504 228 68 618 987 657 948 533 884
921 170 689 400 352 675 557 707 939 327 282
922 368 779 240 782 693 866 789 384 563 600
923 869 927 392 230 322 845 202 103 587 355
924 362 633 508 184 319 739 157 818 966 80
925 477 152 106 802 505 537 862 656 992 650
926 773 305 211 323 742 339 883 435 977 21
927 197 270 537 79 79 250 153 915 990 813
928 511 450 763 310 302 439 193 171 949 515
929 374 287 61 406 34 481 374 715 489 213
930 113 437 132 137 484 905 817 963 262 165
931 853 136 251 875 823 214 731 717 885 455
932 875 946 727 65 508 150 914 751 534 510
933 887 704 795 853 529 917 123 584 816 789
934 893 106 730 272 412 751 345 468 73 291
935 674 437 339 73 673 177 253 467 539 167
936 348 814 319 635 563 283 627 676 992 103
937 226 703 87 452 89 247 222 842 519 3
938 377 266 909 161 66 493 675 472 528 855
939 10 222 632 571 102 248 909 187 624 422
940 629 947 394 557 837 19 298 527 851 311
941 747 508 788 263 169 621 310 383 310 958
942 939 512 384 892 956 739 459 850 120 680
943 794 193 191 322 254 697 493 984 305 169
944 600 15 590 110 512 745 509 981 603 849
945 781 537 996 723 476 912 960 709 591 620
946 377 968 841 390 335 633 969 832 423 397
947 554 216 338 46 976 304 36 589 936 29
948 757 526 684 4 901 492 905 299 917 969
949 17 665 92 49 511 369 344 213 823 151
950 919 936 162 351 192 516 655 137 600 902
951 151 896 118 440 27 286 574 423 390 127
952 544 18 143 328 512 661 456 275 498 300
953 364 695 351 918 341 797 485 604 900 634
954 916 97 533 13 60 97 494 939 939 860
955 305 551 65 534 98 738 555 473 339 129
956 706 263 794 970 579 556 69 460 925 840
957 464 482 135 215 370 325 744 850 964 888
958 454 264 465 82 529 786 809 621 911 535
959 197 164 378 83 608 818 607 470 17 335
960 42 647 780 959 70 490 351 751 111 488
961 276 421 896 853 187 111 372 299 332 354
962 384 976 52 416 552 76 492 534 490 445
963 719 153 877 132 422 116 665 178 296 902
964 140 100 245 434 391 480 578 682 225 772
965 430 269 488 945 772 557 271 875 459 236
966 496 437 992 280 921 126 801 206 714 622
967 145 32 344 169 931 921 696 771 86 521
968 985 239 405 211 288 811 175 981 209 654
969 243 483 506 838 615 866 304 472 126 368
970 830 579 190 262 526 929 152 719 733 508
971 299 304 126 489 172 343 502 608 400 147
972 544 608 941 139 677 978 249 248 232 568
973 604 552 668 785 565 32 774 969 256 503
974 370 262 994 188 258 725 593 200 838 732
975 508 158 87 679 903 496 346 888 608 594
976 677 155 895 705 391 782 975 821 715 79
977 131 24 453 275 430 579 947 486 53 997
978 593 889 346 604 660 535 874 642 190 307
979 885 806 314 357 817 198 391 986 688 100
980 18 359 477 609 89 598 900 161 776 805
981 291 183 498 285 660 646 714 795 387 76
982 629 944 422 668 710 972 300 511 259 10
983 765 554 141 569 321 897 179 472 528 169
984 657 629 478 249 809 80 449 354 214 509
985 403 577 488 979 637 248 765 12 587 159
986 6 232 548 536 334 731 781 838 198 962
987 316 914 396 481 546 780 658 81 581 294
988 759 887 204 325 901 833 190 542 393 491
989 694 874 530 622 395 782 891 983 86 933
990 227 841 441 556 505 379 767 763 640 685
991 652 364 962 269 533 267 470 167 413 379
992 472 470 108 37 337 809 667 374 648 681
993 843 728 241 725 807 129 270 997 585 144
994 665 81 94 880 73 363 986 732 670 145
995 979 569 21 340 746 359 513 401 958 948
996 738 750 549 556 631 454 837 816 57 80
997 690 631 48 693 537 916 855 715 656 308
998 509 943 827 298 646 368 157 809 938 561
999 588 162 589 289 362 534 998 729 526 472
