0 255 561 6 953 315 562 581 127 340 717
1 198 470 111 36 953 202 995 706 32 821
2 885 128 411 576 285 860 411 214 997 532
3 139 674 65 415 300 891 660 898 679 836
4 334 787 594 466 675 974 979 310 712 749
5 360 990 552 742 867 109 646 239 619 586
6 758 414 245 681 187 829 74 703 46 426
7 514 580 429 87 446 315 100 798 49 583
8 973 346 325 628 961 505 721 941 4 639
9 702 113 962 719 786 709 822 789 590 925
10 140 65 653 339 943 923 389 35 358 266
11 325 989 104 901 910 637 590 805 550 227
12 768 432 223 638 110 478 959 85 988 855
13 724 313 557 979 738 633 717 860 100 426
14 77 885 606 547 919 651 87 400 50 673
15 146 326 76 289 190 330 87 653 765 129
16 931 241 771 933 300 937 826 405 584 367
17 165 724 54 829 727 767 262 870 739 4
18 664 265 976 795 392 946 48 470 791 179
19 534 715 792 146 501 512 466 921 970 145
20 103 703 199 511 11 121 206 340 797 327
21 849 711 286 606 891 647 364 223 923 481
22 21 266 700 83 519 333 466 27 183 988
23 64 261 536 63 213 871 606 46 148 73
24 49 985 925 675 367 565 95 848 923 287
25 115 211 609 947 825 906 34 957 553 551
26 809 383 920 714 72 968 231 799 693 832
27 391 80 692 960 685 915 286 98 349 69
28 636 173 840 464 805 873 873 597 650 643
29 790 352 381 893 615 887 308 907 160 856
30 825 568 908 219 91 720 983 529 913 730
31 436 686 312 546 227 784 909 364 736 882
32 731 817 405 229 310 463 70 712 974 227
33 909 76 20 377 453 781 92 544 994 172
34 433 290 877 34 849 721 554 487 155 704
35 8 604 612 286 127 118 326 55 891 50
36 915 277 754 127 763 841 463 430 58 223
37 642 767 419 899 886 904 340 930 750 941
38 848 691 5 792 762 64 744 928 673 756
39 455 311 311 797 959 712 271 674 207 390
40 167 14 283 483 152 202 586 295 426 833
41 131 103 742 434 48 975 198 453 911 636
42 559 142 247 335 162 564 641 233 998 643
43 185 883 943 847 631 946 192 856 471 420
44 897 293 397 294 680 401 980 740 152 373
45 201 640 853 884 447 517 11 279 892 694
46 394 740 778 817 54 775 944 718 197 265
47 115 948 544 385 873 239 472 716 943 553
48 986 937 414 343 23 614 765 178 924 708
49 145 857 915 609 145 729 345 682 453 9
50 1 562 138 512 263 668 4 344 35 709
51 403 815 353 288 129 4 344 29 532 200
52 716 80 793 656 282 214 377 965 134 235
53 41 651 927 852 414 458 408 698 97 230
54 770 711 424 181 618 668 516 834 336 257
55 33 893 428 723 56 845 987 766 893 129
56 750 87 175 316 366 686 537 844 391 796
57 316 514 202 105 191 122 521 756 386 335
58 461 463 95 128 58 955 101 913 57 894
59 89 762 319 335 87 987 592 809 527 696
60 537 67 921 844 859 620 788 737 88 241
61 498 899 74 712 927 707 534 231 406 236
62 56 65 240 286 811 220 203 677 836 135
63 800 502 185 660 766 179 409 882 219 817
64 803 655 116 651 615 78 200 995 944 529
65 385 489 351 264 648 191 325 83 826 397
66 609 988 372 969 43 294 40 320 43 213
67 681 161 16 449 815 547 56 7 393 790
68 15 994 250 298 615 909 40 474 632 570
69 64 381 270 585 325 20 787 15 258 698
70 106 673 96 135 614 326 533 712 600 923
71 370 453 836 831 133 152 588 29 220 325
72 962 82 15 547 849 774 521 49 915 220
73 509 397 986 364 875 489 932 816 880 41
74 622 90 227 284 840 445 451 555 88 685
75 967 70 46 486 191 228 119 15 557 416
76 851 918 945 446 244 975 951 420 921 107
77 695 43 870 726 370 146 30 830 527 440
78 264 644 187 355 408 62 205 131 914 621
79 984 205 296 253 527 343 997 581 50 883
80 559 124 848 932 912 358 857 341 455 217
81 456 819 111 300 305 586 900 712 699 562
82 707 237 765 220 830 263 15 844 557 688
83 215 159 522 859 295 973 826 435 986 737
84 941 960 227 697 227 847 924 619 495 412
85 523 898 422 581 989 237 767 902 213 989
86 307 535 580 664 92 948 390 81 153 188
87 126 145 64 678 84 224 818 704 719 698
88 330 916 170 300 513 425 830 507 255 306
89 466 391 844 638 397 15 329 501 434 661
90 91 741 810 942 383 652 152 103 961 186
91 585 641 989 711 452 690 282 834 762 503
92 630 308 393 760 353 592 308 341 480 184
93 483 703 937 470 69 950 910 459 301 251
94 113 428 43 281 50 222 434 964 451 649
95 19 927 17 205 893 694 249 116 870 851
96 649 543 406 128 793 615 18 560 847 869
97 263 703 867 556 880 154 870 261 613 468
98 983 223 309 954 184 774 377 704 57 349
99 331 644 707 585 186 385 502 139 697 109
100 555 986 3 769 962 113 59 436 628 739
101 348 712 152 405 774 739 645 541 268 501
102 545 403 650 771 463 610 479 291 851 838
103 153 506 787 636 338 442 542 727 858 135
104 614 614 545 344 869 780 200 163 11 296
105 741 526 110 157 779 553 74 286 420 128
106 13 703 779 106 164 13 801 57 665 40
107 279 525 770 97 580 370 246 148 486 838
108 594 859 718 732 411 306 179 141 713 982
109 676 990 248 529 903 840 901 568 762 193
110 61 875 689 838 476 106 488 617 424 264
111 346 356 256 97 109 617 252 659 600 332
112 480 342 754 374 846 775 621 587 785 152
113 796 838 143 664 725 200 597 972 387 462
114 641 820 280 791 518 192 309 508 717 687
115 103 630 574 119 556 25 321 679 887 800
116 406 405 301 790 261 115 443 822 768 390
117 163 796 552 685 781 446 907 155 937 89
118 552 319 336 560 701 253 184 34 864 609
119 849 388 630 402 366 315 217 142 713 435
120 933 625 400 244 805 384 798 862 559 596
121 829 186 802 993 57 233 744 196 997 180
122 34 683 435 833 328 541 888 58 19 31
123 874 982 141 964 556 637 858 840 447 60
124 75 736 287 799 692 952 909 159 676 499
125 913 525 706 624 190 572 355 685 943 195
126 891 867 629 556 581 424 401 731 50 354
127 975 50 622 680 564 386 760 790 445 309
128 723 632 972 260 266 871 365 623 777 556
129 400 845 533 207 199 585 871 703 694 174
130 928 844 971 575 283 926 615 390 245 256
131 400 429 783 70 133 799 59 940 253 458
132 345 374 796 725 630 999 717 274 604 384
133 111 731 811 327 826 117 661 138 85 26
134 716 293 219 606 89 620 337 122 87 35
135 771 129 229 750 445 56 607 759 881 294
136 133 392 430 749 615 658 448 145 735 159
137 552 313 959 345 829 78 124 999 808 373
138 949 908 308 648 991 825 814 722 643 992
139 853 717 611 693 962 878 925 513 221 619
140 957 280 24 352 109 897 664 299 787 664
141 609 701 44 968 799 610 812 667 137 677
142 928 867 409 207 286 254 226 42 314 625
143 221 736 608 753 679 864 36 278 939 252
144 805 891 452 360 14 642 72 67 974 907
145 284 603 167 134 335 458 34 243 885 658
146 916 269 673 936 400 561 859 968 976 708
147 176 14 404 103 747 48 439 987 429 658
148 581 635 880 814 349 303 80 882 155 485
149 927 105 247 997 666 153 328 436 314 214
150 416 593 977 567 217 453 913 505 788 548
151 486 984 544 536 673 419 744 67 654 548
152 410 166 92 445 276 625 115 309 772 118
153 695 867 229 76 46 865 455 648 932 356
154 611 470 259 232 802 290 152 721 172 968
155 779 371 311 784 552 392 745 467 969 75
156 852 881 294 439 55 833 471 143 318 31
157 155 209 985 858 500 53 805 205 413 883
158 504 329 285 549 663 359 849 530 743 821
159 680 864 26 294 42 467 939 122 239 484
160 661 910 354 995 216 386 284 685 236 113
161 281 829 426 418 763 253 352 882 68 788
162 525 704 908 85 949 238 750 552 210 82
163 17 630 912 136 33 566 778 160 849 336
164 992 513 675 405 446 877 461 563 386 21
165 269 154 586 837 488 646 570 175 601 635
166 617 277 175 48 232 932 984 540 514 825
167 678 799 413 957 230 782 151 395 438 660
168 185 76 172 646 977 880 637 701 484 661
169 895 535 715 497 58 243 934 974 85 392
170 79 928 841 340 755 699 159 119 719 625
171 958 262 120 180 83 536 884 920 422 654
172 542 117 41 724 495 805 513 318 146 720
173 364 805 640 528 575 814 921 581 377 464
174 677 364 144 314 306 759 76 812 440 202
175 464 408 695 842 801 369 269 835 663 792
176 728 986 301 257 821 56 130 46 439 175
177 866 917 906 969 875 924 638 227 426 907
178 807 119 910 867 102 282 783 602 805 338
179 931 662 434 777 385 872 897 424 850 457
180 685 178 296 33 907 37 936 554 83 951
181 286 660 487 445 634 686 477 543 183 66
182 711 985 313 715 330 367 915 513 242 387
183 508 940 365 50 888 480 301 323 417 459
184 222 445 619 541 900 819 708 276 701 163
185 780 684 65 409 905 93 457 628 65 126
186 26 154 899 982 243 909 539 950 597 912
187 363 371 37 832 381 121 203 482 109 48
188 663 125 178 700 304 504 677 106 748 608
189 179 332 162 245 674 45 114 670 184 310
190 193 647 672 443 951 542 949 787 361 264
191 682 919 371 123 298 959 354 978 494 296
192 191 360 336 280 498 607 425 189 35 437
193 417 14 638 796 249 435 121 271 800 716
194 469 815 352 62 303 81 126 439 17 143
195 396 749 245 21 148 731 268 967 25 951
196 804 144 361 757 144 980 398 151 975 181
197 448 96 324 96 586 908 5 918 699 31
198 601 969 118 660 506 144 821 412 786 450
199 214 467 681 449 781 387 339 343 478 130
200 4 358 617 589 243 108 104 393 949 566
201 355 575 807 380 866 147 619 273 459 605
202 392 433 434 849 373 875 458 57 278 973
203 799 583 801 513 677 57 139 882 844 463
204 633 235 220 139 860 799 341 312 447 774
205 617 994 651 659 919 815 259 199 803 634
206 703 580 773 583 351 938 325 532 839 714
207 170 824 934 931 958 555 895 951 15 557
208 483 915 113 760 795 597 29 559 864 95
209 726 357 551 415 311 501 573 707 510 428
210 656 648 335 943 710 220 756 197 591 907
211 653 145 518 193 77 923 423 50 839 881
212 591 28 757 744 713 444 475 696 105 135
213 619 22 211 214 196 295 653 249 575 15
214 53 383 88 16 550 915 260 941 446 20
215 976 563 698 393 409 749 42 770 377 455
216 351 480 906 164 503 408 170 873 392 9
217 639 819 948 288 248 849 959 26 588 552
218 282 812 704 991 524 905 802 170 613 307
219 328 178 766 894 174 251 231 938 452 929
220 845 852 179 807 884 523 426 377 911 189
221 972 869 305 400 262 35 965 246 526 304
222 230 703 236 818 398 631 702 449 368 696
223 474 982 821 260 424 354 52 25 808 946
224 32 113 356 724 539 35 452 176 207 952
225 762 856 186 513 259 573 676 500 429 156
226 976 505 615 67 874 858 848 35 101 70
227 247 337 317 133 32 264 604 104 474 876
228 697 554 650 97 274 618 699 818 453 570
229 384 730 282 97 168 231 404 685 663 917
230 278 817 285 819 298 38 186 797 915 243
231 14 210 376 975 907 268 40 904 157 298
232 296 120 366 451 1 352 548 295 11 706
233 556 82 809 108 431 470 459 152 712 884
234 126 698 581 740 154 167 693 243 298 180
235 930 564 21 851 875 747 900 780 753 843
236 95 581 692 418 533 513 681 740 901 661
237 262 685 827 929 92 638 636 2 734 428
238 884 355 659 666 491 329 293 659 627 261
239 80 481 713 682 949 644 788 632 296 259
240 255 193 554 552 490 479 714 67 103 417
241 685 927 668 856 231 83 648 701 313 563
242 779 26 84 336 677 359 413 596 541 640
243 826 907 848 648 928 878 666 78 944 804
244 737 805 751 942 812 305 926 922 808 640
245 624 140 221 895 791 803 908 456 125 760
246 774 86 382 124 121 276 152 188 430 7
247 950 118 101 653 554 435 278 439 819 348
248 203 555 834 595 663 761 159 552 40 79
249 69 49 118 940 165 473 291 6 474 483
250 78 706 160 890 862 439 254 32 587 286
251 428 276 762 40 660 127 475 328 792 777
252 272 610 420 843 737 891 234 456 264 25
253 933 839 75 635 92 0 775 768 911 185
254 827 583 612 310 163 582 351 648 762 90
255 897 693 468 978 31 264 460 895 536 575
256 807 608 911 249 248 386 448 941 904 768
257 110 572 915 455 723 929 112 515 372 754
258 687 575 503 294 514 170 185 713 167 974
259 179 648 955 198 940 716 234 41 448 702
260 104 731 825 760 102 333 5 929 890 222
261 337 943 36 823 917 348 915 3 577 649
262 421 263 953 370 681 732 756 600 176 784
263 414 895 747 1 540 110 734 128 240 108
264 143 589 183 88 47 126 439 650 653 136
265 569 626 352 305 110 126 811 223 607 216
266 672 759 614 126 699 120 613 936 260 656
267 654 207 916 712 607 152 473 10 322 524
268 287 341 674 568 792 605 384 59 186 586
269 810 669 966 185 342 623 550 217 899 908
270 491 307 60 96 951 848 743 162 912 474
271 988 574 305 16 302 307 659 422 268 379
272 80 721 551 961 398 710 258 114 87 652
273 614 716 108 973 259 216 220 620 96 425
274 371 471 482 682 728 953 757 364 589 820
275 536 927 864 841 945 325 100 28 976 950
276 26 903 456 969 423 215 694 263 721 474
277 720 2 92 647 194 262 960 355 473 981
278 819 965 20 991 920 47 341 826 940 734
279 897 484 987 714 972 361 384 690 342 132
280 514 378 646 424 621 326 811 761 894 101
281 514 400 325 674 633 367 809 163 879 205
282 723 437 300 693 724 481 177 69 839 823
283 870 99 10 779 571 664 129 742 537 409
284 263 266 312 402 202 211 644 674 681 812
285 291 972 630 119 679 59 599 896 421 419
286 41 729 30 266 518 808 780 354 986 529
287 550 217 241 883 665 83 300 334 201 917
288 946 746 961 750 923 749 324 689 311 839
289 506 788 405 387 310 243 27 732 332 259
290 579 453 715 235 298 964 973 888 106 597
291 108 298 184 422 231 873 883 138 167 698
292 877 519 59 761 523 60 834 93 249 659
293 488 992 385 398 549 48 300 762 742 897
294 878 894 846 284 314 838 952 228 13 51
295 859 829 852 865 144 541 418 973 511 515
296 913 492 394 989 292 604 426 526 866 294
297 315 350 31 259 851 919 6 604 295 352
298 481 572 117 331 815 170 137 605 53 231
299 435 286 297 134 8 722 171 146 48 828
300 965 99 873 437 767 912 35 385 347 277
301 803 774 814 706 302 85 92 978 835 610
302 92 994 531 948 25 940 286 177 695 678
303 147 653 771 264 679 323 964 559 565 818
304 758 939 700 611 849 247 261 982 730 230
305 835 554 908 899 460 747 106 424 606 564
306 414 411 457 740 767 683 563 437 304 937
307 882 369 154 22 441 414 929 885 415 546
308 735 655 142 177 840 736 763 819 218 209
309 455 297 73 352 917 616 96 576 676 998
310 661 617 978 522 366 394 526 261 345 565
311 89 810 538 409 45 624 705 365 266 635
312 258 236 357 206 184 789 140 602 162 260
313 473 802 733 44 921 653 801 681 548 102
314 35 101 109 446 731 968 231 350 552 895
315 724 680 123 216 51 8 849 26 118 63
316 487 158 964 252 926 843 631 846 358 852
317 501 355 531 33 628 134 39 272 154 277
318 678 100 722 400 754 330 926 31 828 367
319 192 905 808 71 202 641 488 361 898 954
320 593 44 339 747 155 738 223 196 550 112
321 653 200 878 101 829 387 428 192 702 181
322 866 353 257 330 434 693 30 682 892 468
323 664 916 136 645 777 415 463 794 224 465
324 195 775 821 449 963 279 989 816 293 44
325 354 158 256 249 226 837 847 377 71 296
326 473 604 541 316 354 617 351 246 945 585
327 307 417 470 936 122 789 510 457 178 137
328 163 216 301 934 668 774 743 471 553 152
329 972 635 306 76 593 203 266 82 717 471
330 967 163 325 540 416 795 761 585 877 313
331 299 9 554 828 831 463 216 92 147 322
332 187 991 898 374 346 607 351 147 710 147
333 216 515 972 361 401 968 851 475 301 202
334 460 64 333 493 978 743 785 661 782 44
335 677 283 865 325 277 237 806 133 95 557
336 754 984 671 85 922 151 260 350 839 659
337 529 667 201 378 740 488 480 775 484 616
338 583 635 940 45 783 812 789 780 796 851
339 375 244 367 159 448 520 996 254 818 980
340 424 483 579 577 347 556 104 419 428 138
341 915 66 998 769 622 347 78 353 609 426
342 203 519 786 233 328 213 760 384 540 2
343 21 173 605 678 295 250 460 948 37 178
344 554 154 155 111 635 232 448 484 919 356
345 908 745 827 999 994 829 396 487 221 311
346 254 447 926 887 566 962 854 139 673 631
347 325 310 247 205 59 190 653 932 395 51
348 870 257 584 986 765 61 6 927 721 204
349 657 96 649 722 44 605 149 678 629 487
350 202 326 331 453 87 938 184 296 335 381
351 153 947 487 284 267 859 41 426 699 579
352 513 799 154 47 736 651 925 456 585 691
353 314 231 105 578 639 24 638 720 974 447
354 908 430 839 625 170 472 553 572 495 64
355 594 805 952 496 369 574 975 610 993 592
356 472 528 283 164 286 174 960 163 491 338
357 188 406 614 256 958 594 270 935 503 104
358 914 747 877 657 358 137 85 35 472 637
359 635 818 1 765 218 341 759 816 277 913
360 548 960 584 652 32 598 613 171 437 376
361 384 747 415 840 678 533 603 263 16 832
362 421 791 537 460 431 676 970 733 154 46
363 244 667 568 332 845 595 650 240 970 478
364 224 859 661 882 81 354 589 741 779 442
365 862 754 807 765 270 500 823 118 680 138
366 478 417 840 851 953 238 765 52 683 747
367 966 696 941 823 243 12 844 241 447 312
368 108 846 615 575 347 744 132 946 11 677
369 146 337 122 917 262 866 789 199 673 962
370 151 453 276 567 757 347 974 47 618 943
371 352 61 113 86 115 892 689 518 226 458
372 836 58 444 501 118 643 81 273 136 430
373 123 359 190 692 521 142 50 672 376 833
374 684 189 941 905 28 284 858 230 856 838
375 806 229 616 727 792 848 653 719 636 233
376 570 46 813 590 635 286 731 784 12 961
377 645 938 321 45 919 423 466 407 45 375
378 944 31 857 106 880 799 672 551 822 474
379 686 197 971 510 778 783 831 282 58 417
380 502 320 889 679 695 210 825 671 334 844
381 896 977 71 858 936 966 342 188 196 895
382 643 864 310 843 562 344 809 571 712 932
383 735 31 147 65 627 410 987 562 63 246
384 995 236 199 394 564 624 258 346 129 990
385 722 682 309 143 55 263 202 79 143 57
386 118 935 291 427 696 235 528 48 782 961
387 173 597 688 554 119 783 418 539 31 315
388 262 129 729 894 701 785 335 405 924 458
389 388 40 367 916 14 224 619 361 407 862
390 698 293 358 591 189 430 255 447 981 331
391 47 603 377 248 929 593 148 662 83 759
392 727 895 707 476 77 167 656 106 965 483
393 465 501 273 766 253 326 726 734 940 429
394 908 100 515 973 708 849 635 84 431 460
395 646 295 612 174 246 206 237 627 403 324
396 461 414 784 274 99 466 957 192 149 404
397 802 358 353 434 148 853 313 688 385 317
398 46 358 939 655 876 408 816 921 528 121
399 83 448 863 261 73 690 202 144 300 189
400 339 526 569 542 416 768 503 206 551 412
401 805 551 710 945 844 585 652 237 824 383
402 894 847 628 368 565 187 654 232 680 273
403 376 488 874 661 122 316 842 992 566 658
404 810 455 726 255 124 400 855 632 696 288
405 453 896 367 105 787 541 444 431 712 395
406 587 340 306 241 949 427 803 631 965 316
407 589 876 483 177 560 268 975 908 981 76
408 429 877 92 22 131 289 85 498 966 571
409 786 963 62 397 275 653 535 324 971 904
410 902 375 176 192 198 255 908 205 201 336
411 897 118 228 960 18 556 849 116 41 592
412 541 46 509 549 717 858 795 285 799 818
413 803 111 4 592 622 479 294 329 435 117
414 497 157 337 326 963 342 328 741 234 118
415 622 997 120 918 608 367 270 547 239 629
416 763 666 357 131 550 790 498 276 551 888
417 986 395 75 619 752 314 791 129 116 740
418 866 374 962 964 52 888 139 274 428 993
419 607 909 227 498 873 341 693 49 489 169
420 162 414 956 929 671 171 203 686 193 430
421 905 355 271 493 320 316 186 568 987 45
422 20 984 558 156 926 644 329 462 656 818
423 481 409 967 775 905 513 804 138 512 225
424 264 317 329 999 232 854 293 204 219 991
425 605 909 385 359 679 513 951 213 247 651
426 180 277 897 795 925 865 427 508 287 636
427 662 328 256 21 63 912 371 89 277 107
428 306 384 9 332 0 59 12 804 411 425
429 749 849 219 943 286 797 848 494 270 740
430 985 754 447 697 365 393 4 633 961 818
431 180 78 906 180 20 44 368 423 826 344
432 350 188 864 373 886 536 155 932 370 534
433 703 667 822 970 370 277 771 605 699 720
434 4 635 384 253 890 285 760 329 148 738
435 646 4 908 926 81 764 652 83 63 388
436 182 307 134 778 41 828 794 444 932 103
437 31 717 549 343 956 596 887 597 392 549
438 545 34 522 525 742 659 155 877 786 284
439 951 906 506 228 980 257 712 859 339 443
440 118 814 144 379 263 440 111 902 894 771
441 112 933 937 137 557 79 686 334 166 230
442 60 120 735 900 825 695 780 885 494 753
443 534 78 206 600 627 134 256 855 922 48
444 122 235 397 605 762 959 680 86 670 402
445 820 596 687 712 138 834 855 234 570 200
446 639 785 715 650 719 958 944 813 146 931
447 286 495 102 459 496 868 653 53 673 275
448 880 648 9 850 523 433 780 851 780 888
449 496 903 255 485 174 145 114 979 114 608
450 387 661 129 37 38 469 170 737 818 407
451 439 998 180 269 612 62 511 271 514 648
452 724 856 685 518 811 560 561 671 323 550
453 643 302 836 176 876 801 408 614 690 719
454 678 494 534 793 769 203 555 842 378 432
455 11 597 481 393 361 293 899 72 530 150
456 544 806 702 731 575 476 157 502 816 585
457 77 847 748 567 937 200 103 711 115 935
458 579 207 600 130 493 942 218 365 241 855
459 641 255 281 840 561 511 983 420 772 942
460 96 678 598 960 773 210 74 820 57 204
461 475 66 497 81 355 356 74 532 29 161
462 949 191 506 596 633 649 269 0 58 958
463 899 760 665 313 505 239 107 134 96 634
464 338 320 530 34 887 92 428 943 892 416
465 523 60 31 732 195 161 835 347 582 524
466 986 618 562 433 122 802 31 985 354 225
467 401 560 155 257 943 58 573 439 639 242
468 694 966 501 296 155 674 877 7 45 610
469 146 843 964 240 338 528 107 361 635 656
470 246 844 408 274 130 351 451 370 392 350
471 313 662 285 811 200 116 652 177 726 191
472 391 389 927 872 271 961 322 205 397 381
473 490 144 779 370 581 265 464 901 420 61
474 396 184 367 298 753 232 916 193 779 41
475 68 965 252 856 893 652 590 456 335 961
476 260 941 230 310 598 3 707 158 353 257
477 651 175 291 796 644 804 949 799 870 273
478 225 628 779 214 806 614 941 568 577 413
479 391 640 62 578 943 767 627 810 415 268
480 653 138 434 56 139 148 504 523 215 270
481 327 92 873 32 937 140 816 149 83 818
482 686 278 404 678 115 302 412 911 957 21
483 956 420 793 221 859 937 301 163 659 859
484 358 723 962 527 804 508 721 206 669 534
485 872 135 235 236 154 605 779 862 610 202
486 977 580 224 10 942 963 364 792 636 845
487 257 908 881 957 482 6 561 138 558 320
488 670 381 85 755 733 445 495 797 819 263
489 444 700 759 940 30 320 425 686 546 426
490 945 632 226 326 460 127 490 163 655 757
491 525 276 578 51 652 638 447 527 822 476
492 4 535 746 843 692 113 629 78 384 900
493 215 820 666 8 854 464 671 638 608 750
494 323 129 998 443 399 101 841 937 225 294
495 778 964 959 744 515 482 364 966 491 276
496 699 887 701 728 826 366 630 737 965 287
497 839 788 538 363 549 700 425 994 681 718
498 570 745 218 177 271 265 415 161 700 771
499 330 230 145 528 406 521 230 115 327 255
500 900 655 191 977 269 591 100 628 524 49
501 650 928 954 291 420 385 838 295 514 653
502 339 2 375 895 817 382 616 279 915 41
503 346 695 617 746 541 356 989 890 318 947
504 678 647 602 618 398 247 551 206 474 619
505 279 737 275 380 894 429 785 15 548 139
506 838 920 294 429 567 881 756 205 430 454
507 267 206 778 684 950 411 286 563 370 860
508 761 629 819 235 736 177 970 5 17 581
509 665 890 829 375 828 899 485 840 60 207
510 599 16 306 719 658 279 92 221 441 813
511 202 669 149 590 376 291 318 757 526 874
512 540 648 225 815 784 989 739 246 627 250
513 651 852 32 522 240 754 392 721 97 223
514 444 428 138 808 313 154 72 905 373 379
515 598 683 855 281 89 785 113 663 287 181
516 237 233 571 94 301 55 716 974 825 680
517 632 74 207 183 505 308 752 131 899 714
518 637 243 859 32 604 367 777 610 433 227
519 792 116 282 289 824 262 779 7 878 121
520 373 656 146 381 791 929 575 304 642 501
521 964 27 119 787 397 291 483 197 772 627
522 520 303 469 534 424 446 743 213 643 499
523 261 961 55 687 298 424 483 584 528 537
524 942 686 982 102 230 235 733 666 408 293
525 78 547 499 411 513 623 254 646 610 743
526 136 59 944 465 788 301 637 121 110 362
527 660 107 741 60 16 684 173 398 102 506
528 931 489 25 551 294 333 442 144 762 390
529 520 239 76 539 948 252 925 720 536 250
530 617 264 851 470 865 721 477 783 568 717
531 973 871 903 259 322 634 325 720 674 561
532 72 626 506 592 610 296 884 279 44 314
533 370 920 884 810 273 693 727 506 358 709
534 344 563 826 347 391 297 368 197 452 957
535 374 419 413 896 901 351 230 605 856 772
536 991 308 947 289 799 23 353 953 431 256
537 738 352 870 788 174 103 842 345 801 897
538 170 269 534 965 350 721 958 131 27 338
539 606 425 167 731 189 535 580 671 984 287
540 122 335 513 714 336 516 840 212 497 272
541 310 738 60 82 315 27 263 248 721 270
542 202 889 918 830 71 626 64 73 343 743
543 988 595 595 394 401 697 391 199 480 208
544 59 405 686 416 483 636 628 139 69 138
545 138 736 821 338 264 168 88 497 764 29
546 927 193 829 889 139 392 176 126 25 907
547 358 906 604 106 131 915 523 843 977 918
548 208 710 435 285 829 883 705 149 529 21
549 138 957 965 919 571 799 644 856 166 37
550 701 880 367 458 750 602 810 350 189 398
551 543 689 860 333 728 867 306 508 39 200
552 921 995 372 808 201 3 94 314 955 404
553 996 211 743 328 312 673 71 64 661 64
554 857 139 520 362 432 65 896 286 976 907
555 202 901 548 547 917 151 68 192 553 794
556 472 507 577 950 964 473 424 578 760 936
557 448 970 968 659 702 557 281 544 698 102
558 967 658 918 678 243 582 676 644 504 638
559 94 214 3 510 357 114 557 852 141 228
560 544 515 66 150 976 162 324 980 692 136
561 140 795 815 642 596 736 421 494 428 750
562 23 879 810 668 865 894 805 402 221 861
563 130 778 854 778 99 694 540 581 144 49
564 105 318 93 167 732 722 479 252 379 116
565 511 713 42 78 957 117 241 794 162 883
566 553 558 565 787 234 464 625 800 973 929
567 781 770 593 326 162 1 104 659 49 812
568 827 922 755 770 447 505 417 394 779 770
569 428 781 673 704 644 788 9 399 268 114
570 939 917 305 865 592 44 806 967 260 291
571 670 98 682 488 659 626 415 276 404 452
572 445 815 609 504 116 67 371 98 200 80
573 510 329 399 811 69 143 875 146 702 783
574 472 952 489 828 110 189 825 172 487 334
575 434 867 625 630 210 929 959 965 577 884
576 688 502 243 27 803 543 800 134 781 487
577 367 618 220 145 588 946 812 156 636 456
578 889 688 529 586 481 137 977 932 211 68
579 194 474 630 234 575 776 545 71 934 955
580 692 745 24 750 697 467 381 56 566 482
581 187 900 102 898 685 931 548 243 890 171
582 440 443 780 923 124 753 883 471 649 987
583 204 444 761 314 721 476 571 781 265 116
584 19 673 468 772 684 809 581 850 592 862
585 406 120 663 854 294 823 123 22 127 932
586 724 385 476 532 892 444 698 266 990 637
587 517 370 723 353 793 906 341 534 541 414
588 708 179 953 348 477 307 121 371 600 316
589 394 750 154 961 835 872 961 631 8 172
590 844 948 446 544 426 219 479 671 250 696
591 747 573 677 163 675 54 441 851 343 680
592 967 303 715 375 551 382 924 710 301 263
593 381 485 273 911 792 278 616 245 779 189
594 627 908 700 154 564 342 420 846 716 624
595 269 340 733 376 112 470 443 892 530 16
596 424 508 346 641 425 179 373 819 306 134
597 64 807 552 509 931 114 572 811 988 779
598 939 150 202 236 426 227 909 498 227 172
599 421 858 3 458 597 381 465 284 987 955
600 78 26 249 817 37 552 967 38 149 504
601 622 630 367 889 472 610 752 679 285 569
602 362 454 433 27 94 517 613 153 834 315
603 561 208 368 448 477 424 350 35 536 892
604 334 709 753 436 253 36 704 374 15 765
605 79 539 817 876 805 915 620 47 522 777
606 759 832 549 271 12 520 51 967 585 392
607 38 25 361 833 989 273 486 563 344 671
608 780 58 851 347 765 99 771 639 93 257
609 226 344 8 45 585 694 34 410 610 387
610 481 223 247 416 515 423 362 290 468 523
611 434 694 787 245 180 617 532 160 390 418
612 595 345 761 381 904 238 377 825 681 37
613 564 949 498 281 280 182 233 426 823 989
614 256 595 639 746 118 965 225 499 791 588
615 638 200 4 890 923 250 579 434 859 0
616 722 25 773 211 137 711 807 319 455 712
617 977 761 936 883 514 551 610 878 529 762
618 11 762 744 536 473 494 130 813 487 327
619 594 977 981 907 476 244 507 530 512 714
620 225 837 85 663 267 962 37 824 522 4
621 75 143 150 523 776 707 155 670 546 334
622 160 451 417 627 130 580 475 98 151 364
623 806 388 550 61 303 456 558 178 379 79
624 449 293 591 940 603 30 478 98 182 991
625 441 639 216 600 338 874 728 7 565 528
626 117 437 787 998 497 613 175 883 801 194
627 927 696 487 461 106 857 400 877 356 830
628 893 474 819 522 622 505 693 881 512 175
629 210 960 276 800 455 593 546 211 378 203
630 63 789 561 230 649 66 756 95 647 446
631 18 627 312 226 278 401 199 756 539 488
632 936 296 482 711 896 822 171 608 194 824
633 713 971 109 907 180 979 529 836 840 704
634 230 525 757 951 873 334 133 229 380 974
635 306 904 962 260 232 458 464 922 371 122
636 809 692 350 75 295 951 472 797 216 252
637 123 170 753 163 392 370 401 7 781 647
638 223 233 697 643 100 344 530 961 755 555
639 527 353 728 591 319 13 694 336 941 154
640 462 373 397 267 742 779 351 190 336 968
641 324 395 667 735 837 710 697 160 340 28
642 153 450 359 412 613 351 256 429 488 282
643 180 453 94 917 280 146 84 530 11 328
644 213 94 429 965 41 733 670 46 479 865
645 450 740 225 90 296 303 55 620 395 894
646 593 866 400 592 684 591 278 681 731 914
647 283 440 389 312 456 513 823 700 612 211
648 336 610 657 915 541 453 190 176 422 885
649 809 935 551 315 197 778 455 668 86 67
650 638 632 449 292 19 732 817 13 650 757
651 450 323 371 248 194 834 744 994 276 824
652 964 734 908 323 657 559 582 589 456 817
653 145 661 966 701 250 393 287 49 602 664
654 572 342 486 249 180 285 414 204 873 880
655 386 439 165 375 175 602 348 26 254 289
656 971 185 451 77 526 812 223 867 880 178
657 441 549 570 134 946 43 401 85 716 383
658 935 478 407 607 348 402 168 872 833 691
659 123 393 184 718 603 533 473 941 285 579
660 717 145 626 542 304 228 620 631 496 329
661 730 848 721 88 997 566 523 812 756 818
662 979 373 86 476 100 751 118 446 257 210
663 576 510 926 235 476 464 130 553 767 755
664 798 709 745 915 886 931 547 701 495 271
665 614 0 444 281 51 241 700 829 980 272
666 815 994 538 388 74 374 961 492 355 550
667 262 156 797 891 392 706 263 380 387 297
668 209 632 968 375 62 818 212 829 367 788
669 446 606 19 287 258 557 640 782 561 813
670 746 93 999 17 681 716 571 374 437 449
671 257 541 362 699 588 89 473 620 571 386
672 542 85 107 524 373 308 54 110 748 854
673 394 536 291 660 534 649 125 653 637 567
674 566 528 11 773 247 246 29 502 13 864
675 717 871 644 379 188 178 957 363 309 257
676 138 308 577 845 204 757 991 429 333 505
677 825 152 453 367 584 984 861 283 124 474
678 842 806 844 128 236 356 106 643 627 956
679 561 960 401 575 847 409 188 594 207 990
680 327 362 934 185 866 312 199 572 255 572
681 732 896 331 587 33 190 434 810 275 7
682 457 145 837 800 450 440 429 37 940 2
683 133 660 487 806 258 125 112 790 836 337
684 137 394 725 472 694 273 768 849 579 973
685 162 721 439 160 242 112 250 934 155 586
686 912 610 485 148 343 362 766 310 853 46
687 936 737 727 565 235 754 873 161 718 467
688 148 92 594 190 427 257 798 353 799 476
689 830 120 321 268 639 484 610 208 529 675
690 184 124 370 388 853 704 145 418 671 322
691 758 41 919 262 310 620 334 831 526 731
692 349 263 851 316 403 717 786 209 483 123
693 407 720 948 110 644 811 312 748 833 804
694 139 398 243 512 389 500 772 110 578 774
695 785 84 889 914 76 118 927 513 327 809
696 176 695 976 731 312 608 368 439 467 721
697 168 692 204 654 532 336 435 77 217 0
698 778 91 861 2 868 360 943 650 952 202
699 523 410 710 774 710 250 585 483 962 863
700 99 747 748 336 556 271 765 292 232 97
701 960 464 703 752 800 203 177 987 836 371
702 835 741 400 710 956 176 408 793 292 844
703 622 336 515 319 396 750 782 899 886 544
704 419 326 957 355 464 810 500 162 375 25
705 702 479 488 170 887 170 921 635 881 824
706 493 276 529 524 893 816 902 234 752 450
707 916 961 509 271 606 299 963 758 42 984
708 164 191 925 572 893 536 229 455 292 13
709 877 968 356 330 313 503 893 268 21 161
710 246 149 480 675 559 509 801 41 589 138
711 281 532 119 584 436 555 853 66 625 118
712 225 748 266 487 979 257 764 15 501 374
713 707 5 845 832 580 897 84 264 243 39
714 164 404 684 801 667 819 90 796 9 590
715 134 544 384 559 466 997 456 991 793 967
716 138 767 615 630 59 491 618 978 219 242
717 990 308 138 31 410 548 311 426 275 533
718 89 213 822 130 232 404 129 437 205 387
719 647 181 10 532 838 813 717 74 674 726
720 138 703 269 517 39 875 656 161 108 488
721 789 533 427 239 163 734 568 681 67 290
722 537 707 367 397 709 974 905 35 596 533
723 28 967 718 795 523 331 166 787 237 792
724 401 533 952 995 715 342 686 354 324 681
725 435 53 474 352 502 521 70 630 19 508
726 303 120 933 360 451 131 727 8 533 465
727 427 729 790 676 976 715 12 989 877 74
728 598 297 162 957 826 850 71 129 268 539
729 557 459 418 938 644 457 615 618 933 242
730 74 575 44 23 365 10 583 484 9 118
731 325 246 946 972 630 932 508 90 776 217
732 175 759 805 660 866 736 687 22 682 539
733 86 258 79 103 786 364 180 249 875 752
734 529 51 126 934 926 906 606 835 112 810
735 459 202 961 132 957 215 559 958 388 590
736 988 877 71 160 898 969 821 208 983 616
737 450 533 292 678 529 599 882 513 423 912
738 730 327 821 170 945 302 358 588 278 41
739 644 282 648 898 25 520 882 886 621 151
740 192 992 771 562 922 870 836 37 987 120
741 408 524 23 528 379 383 700 978 992 885
742 806 962 950 869 717 979 888 225 583 474
743 50 557 122 298 782 702 207 160 552 573
744 535 922 566 112 546 103 678 26 404 458
745 234 390 309 36 672 86 609 688 211 577
746 198 613 702 430 465 144 781 600 603 659
747 786 492 476 190 510 418 313 29 757 208
748 443 387 832 343 976 966 570 192 761 111
749 212 627 269 62 486 546 14 717 534 600
750 999 233 895 732 212 722 639 956 624 309
751 854 213 265 779 161 978 898 137 578 788
752 548 432 81 780 622 312 463 824 646 925
753 643 893 723 925 391 821 632 547 571 732
754 137 952 376 3 479 282 709 796 204 168
755 821 878 447 764 535 635 570 702 936 957
756 542 786 170 927 800 628 84 67 404 879
757 824 211 181 215 104 966 211 696 823 107
758 442 707 894 182 453 224 625 79 358 774
759 783 280 672 72 495 66 462 7 484 994
760 517 323 746 538 338 80 660 920 704 736
761 701 805 218 478 385 701 743 268 790 634
762 858 889 45 904 517 197 445 495 907 672
763 452 34 67 327 696 10 256 0 215 363
764 172 53 637 406 74 584 651 530 594 264
765 165 50 512 84 765 88 51 364 653 379
766 306 602 96 460 299 889 471 793 726 873
767 455 972 904 498 512 325 625 47 840 921
768 544 325 135 151 538 181 72 867 962 952
769 185 267 64 816 922 581 901 506 994 893
770 998 286 787 355 612 639 538 411 942 615
771 167 597 809 386 140 929 365 151 519 924
772 140 159 398 755 327 299 236 176 535 384
773 239 373 357 997 806 54 39 529 252 730
774 188 802 438 315 951 536 732 890 337 722
775 673 720 392 896 68 385 743 170 788 184
776 636 887 411 829 943 669 8 795 807 719
777 758 595 497 189 824 680 786 592 880 645
778 657 241 946 871 431 923 752 811 469 110
779 676 640 447 245 384 102 819 859 746 987
780 522 528 221 848 113 973 887 209 556 933
781 528 760 581 781 685 768 95 247 408 200
782 429 30 493 871 310 507 371 253 298 249
783 446 474 126 560 609 397 768 763 852 642
784 339 578 396 847 869 505 511 458 829 760
785 263 892 825 999 728 923 207 742 863 782
786 509 136 68 537 499 468 688 990 323 628
787 133 508 718 514 40 909 476 277 904 770
788 413 130 931 306 894 412 415 260 549 499
789 808 97 222 161 819 146 312 972 263 257
790 645 397 108 939 693 275 155 938 503 516
791 36 688 936 945 783 98 919 417 30 697
792 218 506 38 231 916 304 114 457 132 126
793 673 984 745 203 140 729 848 771 131 754
794 390 315 866 978 27 103 562 569 485 583
795 644 588 853 625 953 817 105 108 786 566
796 769 831 534 648 161 284 858 654 765 369
797 863 106 364 794 470 67 330 455 253 320
798 989 829 322 269 396 59 451 305 903 173
799 551 509 882 610 729 201 590 31 673 30
800 689 221 798 12 136 715 632 164 233 694
801 202 161 401 591 768 741 874 803 110 431
802 851 889 720 515 832 614 658 101 774 283
803 559 529 444 841 248 355 843 341 677 640
804 845 500 481 267 268 248 230 613 447 350
805 616 936 986 419 158 502 785 897 723 593
806 631 878 76 242 596 939 944 731 250 545
807 564 652 224 928 510 587 977 797 647 287
808 694 644 443 542 160 936 497 835 61 928
809 77 244 645 447 641 993 873 493 839 538
810 193 171 216 19 856 54 924 500 262 768
811 49 398 154 284 788 162 617 109 600 321
812 739 361 615 721 490 469 57 902 822 87
813 168 324 275 648 112 350 377 861 689 722
814 964 406 204 505 115 978 749 377 807 838
815 270 461 511 45 216 827 923 558 285 198
816 732 482 748 382 815 842 121 416 558 385
817 472 463 36 90 520 23 655 250 755 154
818 465 239 215 955 782 301 241 783 913 23
819 468 283 792 450 541 595 41 177 590 781
820 527 108 259 835 809 2 196 419 932 389
821 248 814 926 879 255 449 22 430 269 757
822 25 655 207 45 514 850 452 528 538 987
823 682 673 248 592 223 511 493 56 616 644
824 724 657 613 253 699 262 792 536 372 481
825 97 651 56 783 84 423 391 960 391 776
826 945 129 960 114 251 378 844 628 940 70
827 3 827 218 742 358 413 288 565 512 9
828 494 271 977 129 915 566 438 219 814 54
829 573 556 901 843 228 293 605 127 273 948
830 652 184 318 210 53 463 547 999 263 620
831 354 361 674 650 115 900 763 547 388 161
832 240 233 80 554 237 867 613 194 150 5
833 954 262 42 538 407 335 605 722 479 450
834 584 155 721 536 173 16 409 253 390 443
835 107 218 603 502 660 19 430 787 908 472
836 973 334 489 51 937 192 402 489 533 708
837 618 161 167 274 940 930 834 83 447 837
838 851 199 349 163 981 100 788 105 294 660
839 151 577 132 475 761 389 343 300 370 385
840 565 355 775 947 708 196 973 641 929 898
841 746 693 354 286 220 387 512 79 969 472
842 927 864 470 132 640 976 295 105 450 534
843 214 105 538 42 537 769 758 238 383 974
844 265 106 247 537 388 243 206 960 557 134
845 294 124 908 212 166 557 687 961 885 185
846 892 754 820 288 691 548 951 701 36 52
847 541 185 537 470 60 291 109 481 443 946
848 115 680 247 507 743 316 47 948 122 771
849 452 434 258 931 458 566 201 258 452 147
850 8 108 93 489 928 632 452 867 974 328
851 246 970 491 185 758 855 562 190 22 199
852 176 855 173 380 844 325 430 254 978 615
853 42 318 706 433 668 306 962 136 96 200
854 627 328 881 24 208 743 511 781 65 119
855 931 383 443 915 839 432 671 901 971 292
856 700 824 725 942 795 593 841 764 609 688
857 560 527 26 787 589 538 173 910 499 125
858 717 760 638 371 106 294 481 289 736 6
859 398 427 105 810 184 243 902 930 346 451
860 636 679 53 920 836 572 862 688 92 778
861 829 47 196 510 362 717 416 621 234 595
862 526 291 509 655 534 416 715 156 181 47
863 536 414 208 947 415 72 54 162 966 963
864 135 306 779 373 87 113 268 776 415 700
865 456 845 773 881 232 910 716 860 405 794
866 136 544 97 410 742 796 365 323 901 938
867 716 976 851 898 103 189 832 521 303 82
868 922 649 97 548 465 806 525 1 812 442
869 563 176 694 2 7 410 11 262 989 949
870 947 739 502 528 335 237 586 683 924 2
871 281 977 751 300 316 628 106 662 526 802
872 701 493 401 188 524 219 753 346 494 630
873 485 688 504 655 560 926 638 354 850 247
874 352 506 225 486 197 833 349 84 220 544
875 952 688 526 582 965 809 612 696 788 114
876 980 197 157 526 252 78 498 537 438 969
877 410 814 299 269 946 439 756 669 629 898
878 115 214 748 226 478 971 316 577 75 371
879 243 825 419 295 660 729 127 996 72 611
880 951 62 980 456 89 678 888 852 108 616
881 154 189 889 526 985 113 839 315 960 310
882 240 607 893 305 27 553 488 124 454 544
883 209 338 98 703 29 231 381 378 208 551
884 342 253 101 624 690 95 13 362 272 621
885 528 76 963 422 365 847 637 414 720 631
886 331 801 281 167 920 134 583 272 619 635
887 120 46 436 579 701 73 224 225 858 745
888 361 448 709 412 197 982 603 213 300 905
889 15 47 261 837 630 362 240 98 287 137
890 723 946 474 660 981 902 351 518 513 78
891 872 477 400 366 427 796 817 328 577 881
892 143 648 853 76 39 14 342 824 583 415
893 705 402 40 896 600 905 159 977 985 208
894 906 99 631 157 434 653 277 363 691 370
895 245 551 464 132 27 615 882 528 271 149
896 337 813 878 505 538 273 391 105 976 403
897 694 66 336 689 88 957 549 257 198 876
898 998 113 769 893 89 226 389 280 816 213
899 318 942 170 7 131 841 252 426 640 275
900 730 262 588 350 830 125 969 56 411 993
901 412 950 804 152 972 546 977 946 842 195
902 309 585 946 382 695 29 126 107 982 875
903 629 244 750 11 922 556 267 735 422 336
904 58 4 599 513 879 399 53 375 66 476
905 582 18 152 140 965 35 384 805 168 898
906 238 174 963 36 361 622 459 577 386 323
907 920 314 938 457 330 536 772 74 547 966
908 379 427 593 230 598 905 547 917 734 986
909 764 548 436 17 662 490 123 978 89 112
910 47 837 408 333 201 506 746 993 130 937
911 538 382 379 360 390 661 741 232 509 808
912 681 27 425 230 347 601 489 139 302 510
913 697 319 738 295 701 1 236 488 492 88
914 268 775 121 159 568 549 8 274 152 849
915 830 814 268 513 721 296 789 238 548 336
916 598 89 285 727 335 958 139 877 465 384
917 893 721 995 139 113 560 339 1 254 201
918 763 154 430 185 555 743 592 873 576 211
919 112 630 124 171 334 387 108 752 478 413
920 381 517 389 209 680 323 17 77 82 717
921 190 20 1 769 193 372 788 557 897 711
922 714 888 713 393 634 186 425 289 985 939
923 47 139 836 511 212 256 578 609 230 178
924 534 216 885 289 168 330 242 344 813 413
925 225 272 848 82 482 690 999 180 109 7
926 55 45 144 107 585 493 321 172 396 742
927 510 311 383 294 401 332 81 541 461 152
928 741 717 948 80 955 658 730 415 936 706
929 24 617 331 27 685 570 74 545 576 341
930 120 674 683 156 117 48 40 263 952 471
931 274 743 862 407 526 312 295 399 790 658
932 983 968 260 847 758 700 105 930 480 413
933 178 945 81 545 609 123 133 135 838 277
934 522 98 664 18 812 775 65 646 604 110
935 100 337 731 209 982 490 468 407 506 922
936 0 458 340 930 282 917 390 103 83 295
937 306 177 444 112 453 155 987 549 122 353
938 541 985 543 69 296 356 296 55 295 944
939 58 53 395 858 224 229 963 264 836 473
940 482 114 422 158 920 959 820 162 207 225
941 759 641 385 209 33 299 51 910 365 679
942 529 732 647 288 775 67 120 227 428 704
943 174 342 554 43 879 837 582 139 81 699
944 633 639 849 255 980 829 352 678 602 86
945 781 283 927 240 774 996 641 516 875 485
946 110 984 10 55 342 663 573 540 626 758
947 713 137 931 805 636 315 933 854 234 684
948 14 209 183 978 971 657 707 128 179 569
949 577 709 901 720 545 944 56 200 348 828
950 197 320 624 871 688 987 534 415 58 622
951 707 500 292 351 120 724 378 817 878 666
952 792 723 483 967 715 873 29 327 676 294
953 993 286 22 780 681 886 73 31 186 968
954 77 409 676 143 106 225 175 236 856 370
955 533 303 897 68 199 163 313 497 481 759
956 805 18 476 549 295 840 484 572 760 945
957 770 797 559 287 763 834 768 326 331 140
958 115 203 632 385 961 987 113 753 373 712
959 647 538 772 139 448 587 808 493 389 780
960 84 726 556 983 122 235 390 631 460 324
961 589 385 128 119 996 103 795 110 77 716
962 815 947 210 448 984 637 977 239 336 827
963 786 144 463 439 708 959 877 505 119 298
964 716 703 835 894 633 752 712 923 90 521
965 331 775 367 425 258 767 529 473 549 992
966 275 71 619 640 60 549 340 854 127 222
967 239 437 141 654 962 476 899 748 776 283
968 207 209 692 864 388 894 989 512 27 605
969 303 16 519 889 161 400 697 498 827 89
970 307 254 600 858 396 216 234 981 730 180
971 996 526 223 775 978 852 944 616 678 947
972 735 252 533 442 596 934 42 776 23 532
973 352 221 189 317 703 213 421 671 905 708
974 727 227 141 91 211 384 693 507 121 601
975 886 326 898 415 422 900 56 641 520 653
976 926 786 722 37 319 337 36 863 918 179
977 90 60 795 94 340 951 792 969 957 720
978 603 94 924 900 352 641 44 297 99 276
979 6 14 201 606 413 899 722 59 660 9
980 70 676 878 458 901 183 730 300 913 688
981 682 976 489 307 563 166 376 38 599 850
982 461 237 841 750 464 134 884 340 843 911
983 47 69 526 12 708 487 86 521 359 494
984 897 622 10 66 368 408 998 368 795 545
985 914 371 551 596 316 727 313 134 129 907
986 744 108 166 301 625 343 978 314 718 428
987 333 238 727 736 988 67 639 753 57 247
988 332 446 180 794 829 903 950 100 751 72
989 482 259 550 21 822 681 877 774 920 340
990 8 444 214 25 589 81 503 554 78 376
991 665 44 211 141 947 962 444 229 13 872
992 845 443 674 506 148 777 239 25 684 250
993 715 107 765 498 672 822 658 244 457 73
994 667 719 557 748 11 155 369 657 114 467
995 300 710 642 356 139 810 131 131 901 372
996 324 696 862 457 403 332 385 14 146 57
997 203 860 660 620 238 602 766 410 696 883
998 266 877 156 11 335 356 570 224 993 564
999 636 605 176 411 796 939 203 176 185 587
